8170.00000000    0.00000077    0.00000080    0.00000070    0.00000080
8170.20084975    -0.00000040    -0.00000130    -0.00000060    0.00000070
8170.39976825    -0.00000030    -0.00000100    -0.00000020    0.00000030
8170.60061800    -0.00000020    -0.00000070    0.00000000    0.00000010
8170.79953650    -0.00000007    -0.00000070    -0.00000010    0.00000060
8171.00038625    0.00000020    -0.00000010    0.00000010    0.00000060
8171.19930475    -0.00000010    -0.00000030    0.00000020    -0.00000020
8171.40015450    -0.00000013    -0.00000030    -0.00000030    0.00000020
8171.59907300    -0.00000040    -0.00000160    0.00000010    0.00000030
8171.79992275    -0.00000030    -0.00000100    -0.00000070    0.00000080
8172.00077250    -0.00000007    -0.00000060    0.00000030    0.00000010
8172.19969100    -0.00000013    -0.00000060    -0.00000010    0.00000030
8172.40054075    0.00000040    -0.00000060    0.00000080    0.00000100
8172.59945925    -0.00000017    -0.00000080    0.00000030    0.00000000
8172.80030900    -0.00000060    -0.00000070    -0.00000130    0.00000020
8172.99922750    -0.00000047    -0.00000070    -0.00000010    -0.00000060
8173.20007725    -0.00000023    -0.00000080    -0.00000070    0.00000080
8173.40092700    0.00000013    -0.00000120    0.00000080    0.00000080
8173.59984550    0.00000000    -0.00000020    0.00000020    0.00000000
8173.80069525    -0.00000017    -0.00000130    -0.00000020    0.00000100
8173.99961375    -0.00000110    -0.00000060    -0.00000120    -0.00000150
8174.20046350    -0.00000010    -0.00000080    0.00000030    0.00000020
8174.39938200    -0.00000003    -0.00000020    -0.00000070    0.00000080
8174.60023175    -0.00000010    -0.00000030    -0.00000030    0.00000030
8174.79915025    0.00000037    -0.00000030    0.00000060    0.00000080
8175.00000000    -0.00000033    -0.00000020    -0.00000100    0.00000020
8175.20084975    -0.00000007    -0.00000070    0.00000020    0.00000030
8175.39976825    0.00000020    -0.00000030    0.00000070    0.00000020
8175.60061800    -0.00000003    -0.00000070    0.00000030    0.00000030
8175.79953650    -0.00000020    -0.00000030    -0.00000020    -0.00000010
8176.00038625    -0.00000043    -0.00000020    -0.00000080    -0.00000030
8176.19930475    0.00000010    -0.00000150    0.00000060    0.00000120
8176.40015450    -0.00000047    -0.00000020    -0.00000150    0.00000030
8176.59907300    -0.00000030    -0.00000130    -0.00000020    0.00000060
8176.79992275    -0.00000013    0.00000000    0.00000060    -0.00000100
8177.00077250    0.00000030    0.00000010    0.00000010    0.00000070
8177.19969100    0.00000010    -0.00000020    0.00000060    -0.00000010
8177.40054075    0.00000020    0.00000010    0.00000030    0.00000020
8177.59945925    0.00000050    0.00000120    0.00000020    0.00000010
8177.80030900    0.00000013    -0.00000020    0.00000000    0.00000060
8177.99922750    -0.00000043    -0.00000120    0.00000000    -0.00000010
8178.20007725    -0.00000040    -0.00000080    -0.00000100    0.00000060
8178.40092700    -0.00000050    -0.00000060    -0.00000070    -0.00000020
8178.59984550    -0.00000033    -0.00000010    -0.00000120    0.00000030
8178.80069525    -0.00000040    -0.00000100    -0.00000030    0.00000010
8178.99961375    -0.00000030    -0.00000030    -0.00000030    -0.00000030
8179.20046350    0.00000010    -0.00000030    0.00000000    0.00000060
8179.39938200    -0.00000023    -0.00000070    0.00000070    -0.00000070
8179.60023175    -0.00000040    -0.00000060    -0.00000080    0.00000020
8179.79915025    0.00000003    0.00000000    0.00000000    0.00000010
8180.00000000    0.00000007    -0.00000020    0.00000020    0.00000020
8180.20084975    0.00000050    -0.00000010    0.00000060    0.00000100
8180.39976825    0.00000000    0.00000010    -0.00000070    0.00000060
8180.60061800    -0.00000003    -0.00000080    -0.00000010    0.00000080
8180.79953650    0.00000007    -0.00000070    0.00000030    0.00000060
8181.00038625    -0.00000007    -0.00000070    0.00000020    0.00000030
8181.19930475    -0.00000033    -0.00000020    -0.00000100    0.00000020
8181.40015450    -0.00000027    -0.00000100    0.00000010    0.00000010
8181.59907300    0.00000037    -0.00000030    0.00000150    -0.00000010
8181.79992275    0.00000057    0.00000010    0.00000030    0.00000130
8182.00077250    -0.00000027    0.00000020    0.00000000    -0.00000100
8182.19969100    -0.00000010    0.00000030    -0.00000030    -0.00000030
8182.40054075    -0.00000067    -0.00000100    -0.00000080    -0.00000020
8182.59945925    0.00000027    0.00000010    0.00000000    0.00000070
8182.80030900    -0.00000060    -0.00000120    0.00000020    -0.00000080
8182.99922750    0.00000013    -0.00000030    0.00000000    0.00000070
8183.20007725    -0.00000003    -0.00000120    0.00000030    0.00000080
8183.40092700    0.00000050    0.00000030    0.00000000    0.00000120
8183.59984550    0.00000007    -0.00000020    -0.00000060    0.00000100
8183.80069525    0.00000027    0.00000030    0.00000060    -0.00000010
8183.99961375    0.00000000    0.00000010    0.00000020    -0.00000030
8184.20046350    0.00000110    0.00000120    0.00000150    0.00000060
8184.39938200    0.00000147    0.00000130    0.00000160    0.00000150
8184.60023175    0.00000140    0.00000130    0.00000130    0.00000160
8184.79915025    0.00000217    0.00000270    0.00000220    0.00000160
8185.00000000    0.00000433    0.00000400    0.00000380    0.00000520
8185.20084975    0.00000467    0.00000460    0.00000470    0.00000470
8185.39976825    0.00000750    0.00000720    0.00000810    0.00000720
8185.60061800    0.00000823    0.00000810    0.00000850    0.00000810
8185.79953650    0.00001143    0.00001060    0.00001100    0.00001270
8186.00038625    0.00001410    0.00001370    0.00001400    0.00001460
8186.19930475    0.00001703    0.00001710    0.00001720    0.00001680
8186.40015450    0.00002060    0.00001930    0.00002130    0.00002120
8186.59907300    0.00002473    0.00002400    0.00002510    0.00002510
8186.79992275    0.00003020    0.00003070    0.00002970    0.00003020
8187.00077250    0.00003543    0.00003400    0.00003510    0.00003720
8187.19969100    0.00004170    0.00004060    0.00004250    0.00004200
8187.40054075    0.00004803    0.00004830    0.00004880    0.00004700
8187.59945925    0.00005580    0.00005550    0.00005560    0.00005630
8187.80030900    0.00006390    0.00006260    0.00006360    0.00006550
8187.99922750    0.00007327    0.00007230    0.00007320    0.00007430
8188.20007725    0.00008627    0.00008530    0.00008670    0.00008680
8188.40092700    0.00010560    0.00010470    0.00010410    0.00010800
8188.59984550    0.00012250    0.00012230    0.00012120    0.00012400
8188.80069525    0.00013463    0.00013430    0.00013480    0.00013480
8188.99961375    0.00014243    0.00014150    0.00014460    0.00014120
8189.20046350    0.00014000    0.00013960    0.00014060    0.00013980
8189.39938200    0.00012893    0.00012900    0.00013120    0.00012660
8189.60023175    0.00011527    0.00011660    0.00011560    0.00011360
8189.79915025    0.00009473    0.00009560    0.00009360    0.00009500
8190.00000000    0.00007260    0.00007400    0.00007330    0.00007050
8190.20084975    0.00005100    0.00005230    0.00005060    0.00005010
8190.39976825    0.00003170    0.00003260    0.00003130    0.00003120
8190.60061800    0.00001830    0.00001930    0.00001880    0.00001680
8190.79953650    0.00000833    0.00000910    0.00000820    0.00000770
8191.00038625    0.00000247    0.00000250    0.00000270    0.00000220
8191.19930475    0.00000073    0.00000010    0.00000080    0.00000130
8191.40015450    -0.00000003    0.00000030    0.00000020    -0.00000060
8191.59907300    0.00000070    0.00000120    0.00000060    0.00000030
8191.79992275    0.00000047    0.00000010    0.00000070    0.00000060
8192.00077250    -0.00000033    -0.00000100    -0.00000100    0.00000100
8192.19969100    -0.00000050    -0.00000100    -0.00000020    -0.00000030
8192.40054075    0.00000007    0.00000060    -0.00000030    -0.00000010
8192.59945925    -0.00000010    -0.00000080    -0.00000070    0.00000120
8192.80030900    -0.00000120    -0.00000120    -0.00000120    -0.00000120
8192.99922750    -0.00000020    0.00000000    -0.00000080    0.00000020
8193.20007725    -0.00000003    0.00000010    0.00000010    -0.00000030
8193.40092700    0.00000053    0.00000120    0.00000020    0.00000020
8193.59984550    -0.00000027    -0.00000070    -0.00000010    0.00000000
8193.80069525    0.00000013    -0.00000010    -0.00000010    0.00000060
8193.99961375    0.00000003    -0.00000030    0.00000020    0.00000020
8194.20046350    0.00000043    0.00000030    0.00000080    0.00000020
8194.39938200    0.00000140    0.00000150    0.00000200    0.00000070
8194.60023175    0.00000090    0.00000120    0.00000070    0.00000080
8194.79915025    0.00000093    0.00000060    0.00000120    0.00000100
8195.00000000    0.00000197    0.00000210    0.00000200    0.00000180
8195.20084975    0.00000423    0.00000460    0.00000410    0.00000400
8195.39976825    0.00000517    0.00000430    0.00000560    0.00000560
8195.60061800    0.00000617    0.00000620    0.00000580    0.00000650
8195.79953650    0.00000950    0.00000870    0.00000960    0.00001020
8196.00038625    0.00001187    0.00001150    0.00001150    0.00001260
8196.19930475    0.00001473    0.00001510    0.00001410    0.00001500
8196.40015450    0.00001763    0.00001750    0.00001760    0.00001780
8196.59907300    0.00002193    0.00002120    0.00002210    0.00002250
8196.79992275    0.00002743    0.00002660    0.00002760    0.00002810
8197.00077250    0.00003247    0.00003160    0.00003370    0.00003210
8197.19969100    0.00003830    0.00003870    0.00003770    0.00003850
8197.40054075    0.00004527    0.00004450    0.00004520    0.00004610
8197.59945925    0.00005420    0.00005430    0.00005400    0.00005430
8197.80030900    0.00006440    0.00006300    0.00006450    0.00006570
8197.99922750    0.00007230    0.00007130    0.00007260    0.00007300
8198.20007725    0.00008193    0.00008120    0.00008260    0.00008200
8198.40092700    0.00009570    0.00009430    0.00009530    0.00009750
8198.59984550    0.00011187    0.00011070    0.00011120    0.00011370
8198.80069525    0.00013160    0.00012980    0.00013100    0.00013400
8198.99961375    0.00015703    0.00015500    0.00015610    0.00016000
8199.20046350    0.00017687    0.00017550    0.00017660    0.00017850
8199.39938200    0.00019690    0.00019500    0.00019650    0.00019920
8199.60023175    0.00020543    0.00020520    0.00020600    0.00020510
8199.79915025    0.00019693    0.00019670    0.00019750    0.00019660
8200.00000000    0.00018133    0.00018270    0.00018230    0.00017900
8200.20084975    0.00015917    0.00016050    0.00016020    0.00015680
8200.39976825    0.00013087    0.00013330    0.00013080    0.00012850
8200.60061800    0.00009967    0.00010100    0.00010050    0.00009750
8200.79953650    0.00007080    0.00007320    0.00007020    0.00006900
8201.00038625    0.00004483    0.00004570    0.00004420    0.00004460
8201.19930475    0.00002493    0.00002570    0.00002460    0.00002450
8201.40015450    0.00001187    0.00001270    0.00001160    0.00001130
8201.59907300    0.00000367    0.00000410    0.00000370    0.00000320
8201.79992275    0.00000133    0.00000080    0.00000120    0.00000200
8202.00077250    -0.00000003    -0.00000080    -0.00000030    0.00000100
8202.19969100    0.00000037    -0.00000020    0.00000010    0.00000120
8202.40054075    0.00000033    0.00000060    0.00000060    -0.00000020
8202.59945925    0.00000083    0.00000030    0.00000070    0.00000150
8202.80030900    -0.00000047    -0.00000070    -0.00000100    0.00000030
8202.99922750    -0.00000020    0.00000020    -0.00000070    -0.00000010
8203.20007725    -0.00000030    -0.00000030    -0.00000030    -0.00000030
8203.40092700    0.00000023    -0.00000070    0.00000060    0.00000080
8203.59984550    -0.00000010    -0.00000100    0.00000000    0.00000070
8203.80069525    -0.00000010    -0.00000070    0.00000010    0.00000030
8203.99961375    -0.00000037    0.00000030    -0.00000060    -0.00000080
8204.20046350    -0.00000003    -0.00000010    -0.00000030    0.00000030
8204.39938200    -0.00000020    -0.00000100    -0.00000030    0.00000070
8204.60023175    -0.00000023    -0.00000100    0.00000060    -0.00000030
8204.79915025    -0.00000010    0.00000080    -0.00000080    -0.00000030
8205.00000000    -0.00000057    -0.00000120    -0.00000070    0.00000020
8205.20084975    -0.00000043    -0.00000080    -0.00000070    0.00000020
8205.39976825    -0.00000017    0.00000010    0.00000010    -0.00000070
8205.60061800    0.00000047    0.00000070    0.00000060    0.00000010
8205.79953650    0.00000027    -0.00000010    0.00000030    0.00000060
8206.00038625    -0.00000007    0.00000020    0.00000030    -0.00000070
8206.19930475    0.00000040    0.00000080    0.00000020    0.00000020
8206.40015450    -0.00000053    -0.00000070    -0.00000080    -0.00000010
8206.59907300    -0.00000007    -0.00000030    -0.00000070    0.00000080
8206.79992275    -0.00000030    -0.00000120    0.00000060    -0.00000030
8207.00077250    -0.00000003    -0.00000030    -0.00000060    0.00000080
8207.19969100    -0.00000020    -0.00000100    0.00000020    0.00000020
8207.40054075    0.00000033    -0.00000010    0.00000100    0.00000010
8207.59945925    -0.00000020    -0.00000120    -0.00000020    0.00000080
8207.80030900    0.00000003    -0.00000060    0.00000080    -0.00000010
8207.99922750    0.00000040    0.00000070    -0.00000070    0.00000120
8208.20007725    -0.00000040    -0.00000070    0.00000020    -0.00000070
8208.40092700    0.00000060    0.00000030    0.00000020    0.00000130
8208.59984550    -0.00000003    -0.00000100    0.00000060    0.00000030
8208.80069525    0.00000043    0.00000000    0.00000030    0.00000100
8208.99961375    -0.00000010    -0.00000100    0.00000070    0.00000000
8209.20046350    0.00000007    -0.00000080    0.00000030    0.00000070
8209.39938200    0.00000023    -0.00000020    0.00000070    0.00000020
8209.60023175    -0.00000003    -0.00000020    -0.00000010    0.00000020
8209.79915025    0.00000060    0.00000030    0.00000080    0.00000070
8210.00000000    -0.00000023    -0.00000100    0.00000010    0.00000020
8210.20084975    0.00000043    0.00000030    0.00000080    0.00000020
8210.39976825    0.00000020    -0.00000130    0.00000060    0.00000130
8210.60061800    -0.00000043    -0.00000100    -0.00000010    -0.00000020
8210.79953650    0.00000090    0.00000080    0.00000070    0.00000120
8211.00038625    -0.00000023    -0.00000070    -0.00000010    0.00000010
8211.19930475    0.00000027    -0.00000020    0.00000070    0.00000030
8211.40015450    0.00000020    -0.00000030    0.00000120    -0.00000030
8211.59907300    0.00000063    0.00000150    0.00000010    0.00000030
8211.79992275    -0.00000003    -0.00000070    -0.00000060    0.00000120
8212.00077250    -0.00000067    0.00000010    -0.00000080    -0.00000130
8212.19969100    0.00000020    0.00000020    0.00000020    0.00000020
8212.40054075    -0.00000007    0.00000020    0.00000020    -0.00000060
8212.59945925    -0.00000027    -0.00000070    -0.00000030    0.00000020
8212.80030900    0.00000030    -0.00000060    0.00000080    0.00000070
8212.99922750    -0.00000003    -0.00000100    0.00000010    0.00000080
8213.20007725    -0.00000037    -0.00000080    -0.00000010    -0.00000020
8213.40092700    0.00000080    0.00000060    0.00000080    0.00000100
8213.59984550    -0.00000033    -0.00000060    -0.00000030    -0.00000010
8213.80069525    0.00000020    0.00000020    0.00000020    0.00000020
8213.99961375    -0.00000027    -0.00000030    0.00000010    -0.00000060
8214.20046350    -0.00000020    0.00000060    -0.00000100    -0.00000020
8214.39938200    -0.00000053    -0.00000010    -0.00000130    -0.00000020
8214.60023175    -0.00000027    -0.00000080    -0.00000020    0.00000020
8214.79915025    0.00000017    -0.00000070    0.00000060    0.00000060
8215.00000000    -0.00000050    -0.00000100    -0.00000030    -0.00000020
8215.20084975    -0.00000023    -0.00000030    -0.00000100    0.00000060
8215.39976825    -0.00000007    -0.00000120    0.00000080    0.00000020
8215.60061800    0.00000020    -0.00000010    0.00000070    0.00000000
8215.79953650    0.00000000    -0.00000030    0.00000020    0.00000010
8216.00038625    0.00000067    0.00000070    0.00000070    0.00000060
8216.19930475    0.00000000    -0.00000080    0.00000000    0.00000080
8216.40015450    -0.00000043    -0.00000030    -0.00000070    -0.00000030
8216.59907300    -0.00000020    -0.00000060    -0.00000100    0.00000100
8216.79992275    -0.00000037    -0.00000100    0.00000060    -0.00000070
8217.00077250    0.00000047    0.00000010    0.00000010    0.00000120
8217.19969100    -0.00000050    -0.00000100    -0.00000030    -0.00000020
8217.40054075    0.00000033    0.00000070    0.00000000    0.00000030
8217.59945925    0.00000020    -0.00000020    0.00000070    0.00000010
8217.80030900    0.00000023    0.00000060    0.00000020    -0.00000010
8217.99922750    0.00000030    -0.00000030    0.00000060    0.00000060
8218.20007725    0.00000037    0.00000020    0.00000010    0.00000080
8218.40092700    -0.00000043    -0.00000160    0.00000010    0.00000020
8218.59984550    -0.00000047    -0.00000100    -0.00000060    0.00000020
8218.80069525    -0.00000007    -0.00000100    -0.00000020    0.00000100
8218.99961375    0.00000007    -0.00000070    0.00000030    0.00000060
8219.20046350    -0.00000023    -0.00000130    0.00000030    0.00000030
8219.39938200    -0.00000023    -0.00000060    0.00000020    -0.00000030
8219.60023175    -0.00000023    -0.00000100    -0.00000100    0.00000130
8219.79915025    -0.00000047    -0.00000100    0.00000060    -0.00000100
8220.00000000    0.00000000    -0.00000030    -0.00000030    0.00000060
