8203.99961375    0.00000053    0.00000000    0.00000080    0.00000080
8203.80069525    0.00000047    -0.00000010    0.00000020    0.00000130
8203.59984550    0.00000000    -0.00000080    0.00000060    0.00000020
8203.40092700    0.00000057    0.00000080    0.00000070    0.00000020
8203.20007725    0.00000043    0.00000000    0.00000100    0.00000030
8202.99922750    0.00000070    0.00000060    0.00000020    0.00000130
8202.80030900    -0.00000033    -0.00000020    0.00000020    -0.00000100
8202.59945925    -0.00000010    -0.00000030    -0.00000080    0.00000080
8202.40054075    0.00000083    0.00000010    0.00000080    0.00000160
8202.19969100    0.00000317    0.00000250    0.00000270    0.00000430
8202.00077250    0.00001280    0.00001150    0.00001380    0.00001310
8201.79992275    0.00002833    0.00002810    0.00002810    0.00002880
8201.59907300    0.00005010    0.00004750    0.00005110    0.00005170
8201.40015450    0.00008023    0.00007810    0.00008100    0.00008160
8201.19930475    0.00010980    0.00010630    0.00011130    0.00011180
8201.00038625    0.00014160    0.00013980    0.00014080    0.00014420
8200.79953650    0.00017023    0.00017050    0.00016850    0.00017170
8200.60061800    0.00018700    0.00018580    0.00018660    0.00018860
8200.39976825    0.00020177    0.00020010    0.00020350    0.00020170
8200.20084975    0.00020057    0.00020050    0.00020150    0.00019970
8200.00000000    0.00018663    0.00018750    0.00018720    0.00018520
8199.79915025    0.00016690    0.00016870    0.00016680    0.00016520
8199.60023175    0.00014117    0.00014310    0.00014110    0.00013930
8199.39938200    0.00011863    0.00012080    0.00011850    0.00011660
8199.20046350    0.00010767    0.00010810    0.00010880    0.00010610
8198.99961375    0.00010223    0.00010260    0.00010230    0.00010180
8198.80069525    0.00009820    0.00010060    0.00009620    0.00009780
8198.59984550    0.00009533    0.00009470    0.00009530    0.00009600
8198.40092700    0.00009283    0.00009320    0.00009350    0.00009180
8198.20007725    0.00006360    0.00006550    0.00006360    0.00006170
8197.99922750    0.00005120    0.00005180    0.00005110    0.00005070
8197.80030900    0.00004277    0.00004250    0.00004330    0.00004250
8197.59945925    0.00003580    0.00003620    0.00003500    0.00003620
8197.40054075    0.00002967    0.00003000    0.00003030    0.00002870
8197.19969100    0.00002443    0.00002500    0.00002450    0.00002380
8197.00077250    0.00001977    0.00002000    0.00001970    0.00001960
8196.79992275    0.00001597    0.00001680    0.00001580    0.00001530
8196.59907300    0.00001257    0.00001220    0.00001330    0.00001220
8196.40015450    0.00001010    0.00001080    0.00001020    0.00000930
8196.19930475    0.00000820    0.00000780    0.00000810    0.00000870
8196.00038625    0.00000593    0.00000600    0.00000620    0.00000560
8195.79953650    0.00000333    0.00000350    0.00000370    0.00000280
8195.60061800    0.00000313    0.00000320    0.00000310    0.00000310
8195.39976825    0.00000260    0.00000310    0.00000250    0.00000220
8195.20084975    0.00000097    0.00000080    0.00000130    0.00000080
8195.00000000    0.00000050    0.00000080    0.00000060    0.00000010
8194.79915025    0.00000047    0.00000100    0.00000020    0.00000020
8194.60023175    0.00000133    0.00000160    0.00000120    0.00000120
8194.39938200    0.00000023    -0.00000010    0.00000020    0.00000060
8194.20046350    -0.00000007    -0.00000080    -0.00000010    0.00000070
8193.99961375    0.00000013    -0.00000080    0.00000060    0.00000060
8193.80069525    -0.00000027    -0.00000030    0.00000020    -0.00000070
8193.59984550    -0.00000037    -0.00000130    -0.00000060    0.00000080
8193.40092700    -0.00000010    -0.00000020    0.00000060    -0.00000070
8193.20007725    -0.00000017    -0.00000030    -0.00000030    0.00000010
8192.99922750    0.00000027    -0.00000060    0.00000060    0.00000080
8192.80030900    0.00000073    0.00000070    0.00000020    0.00000130
8192.59945925    0.00000037    -0.00000060    0.00000100    0.00000070
8192.40054075    0.00000053    0.00000020    0.00000010    0.00000130
8192.19969100    0.00000000    -0.00000070    0.00000000    0.00000070
8192.00077250    0.00000030    -0.00000070    0.00000030    0.00000130
8191.79992275    0.00000070    -0.00000000    0.00000150    0.00000060
8191.59907300    0.00000167    0.00000070    0.00000150    0.00000280
8191.40015450    0.00000407    0.00000350    0.00000410    0.00000460
8191.19930475    0.00001140    0.00001000    0.00001150    0.00001270
8191.00038625    0.00002263    0.00002260    0.00002270    0.00002260
8190.79953650    0.00003620    0.00003520    0.00003570    0.00003770
8190.60061800    0.00005673    0.00005500    0.00005710    0.00005810
8190.39976825    0.00007587    0.00007460    0.00007670    0.00007630
8190.20084975    0.00009457    0.00009320    0.00009450    0.00009600
8190.00000000    0.00011417    0.00011250    0.00011570    0.00011430
8189.79915025    0.00012627    0.00012360    0.00012810    0.00012710
8189.60023175    0.00013777    0.00013720    0.00013830    0.00013780
8189.39938200    0.00014390    0.00014360    0.00014400    0.00014410
8189.20046350    0.00014070    0.00014120    0.00014170    0.00013920
8188.99961375    0.00013110    0.00013230    0.00013020    0.00013080
8188.80069525    0.00011880    0.00011980    0.00011810    0.00011850
8188.59984550    0.00010030    0.00010230    0.00009980    0.00009880
8188.40092700    0.00008370    0.00008550    0.00008180    0.00008380
8188.20007725    0.00007427    0.00007420    0.00007430    0.00007430
8187.99922750    0.00006347    0.00006510    0.00006300    0.00006230
8187.80030900    0.00005673    0.00005650    0.00005700    0.00005670
8187.59945925    0.00005030    0.00005110    0.00004960    0.00005020
8187.40054075    0.00004407    0.00004510    0.00004450    0.00004260
8187.19969100    0.00003770    0.00003780    0.00003680    0.00003850
8187.00077250    0.00003243    0.00003200    0.00003320    0.00003210
8186.79992275    0.00002717    0.00002770    0.00002660    0.00002720
8186.59907300    0.00002300    0.00002260    0.00002380    0.00002260
8186.40015450    0.00001937    0.00002010    0.00001870    0.00001930
8186.19930475    0.00001607    0.00001600    0.00001560    0.00001660
8186.00038625    0.00001303    0.00001310    0.00001270    0.00001330
8185.79953650    0.00001113    0.00001060    0.00001160    0.00001120
8185.60061800    0.00000953    0.00000930    0.00001000    0.00000930
8185.39976825    0.00000767    0.00000770    0.00000750    0.00000780
8185.20084975    0.00000507    0.00000430    0.00000460    0.00000630
8185.00000000    0.00000357    0.00000370    0.00000350    0.00000350
8184.79915025    0.00000377    0.00000400    0.00000330    0.00000400
8184.60023175    0.00000257    0.00000260    0.00000310    0.00000200
8184.39938200    0.00000100    0.00000160    0.00000020    0.00000120
8184.20046350    0.00000093    0.00000080    0.00000070    0.00000130
8183.99961375    0.00000063    0.00000080    0.00000080    0.00000030
8183.80069525    0.00000037    0.00000020    0.00000060    0.00000030
8183.59984550    0.00000027    -0.00000060    -0.00000060    0.00000200
8183.40092700    -0.00000027    -0.00000080    -0.00000020    0.00000020
8183.20007725    -0.00000013    -0.00000100    0.00000000    0.00000060
8182.99922750    -0.00000030    -0.00000020    -0.00000100    0.00000030
8182.80030900    -0.00000043    -0.00000030    -0.00000100    0.00000000
8182.59945925    -0.00000033    -0.00000060    -0.00000030    -0.00000010
8182.40054075    0.00000013    -0.00000010    -0.00000010    0.00000060
8182.19969100    -0.00000017    -0.00000010    -0.00000120    0.00000080
8182.00077250    0.00000007    -0.00000080    0.00000080    0.00000020
