5885.00000000    0.00000023    0.00000100    0.00000035    -0.00000065
5885.11973735    0.00000062    0.00000105    0.00000030    0.00000050
5885.23947470    0.00000002    0.00000010    -0.00000005    0.00000000
5885.36114330    0.00000037    -0.00000080    0.00000040    0.00000150
5885.48088065    0.00000043    -0.00000040    0.00000060    0.00000110
5885.60061800    -0.00000002    -0.00000055    -0.00000010    0.00000060
5885.72035535    0.00000083    0.00000065    0.00000110    0.00000075
5885.84202395    0.00000038    -0.00000040    0.00000065    0.00000090
5885.96176130    0.00000033    -0.00000025    0.00000085    0.00000040
5886.08149865    0.00000018    -0.00000055    -0.00000015    0.00000125
5886.20123600    -0.00000015    -0.00000055    0.00000005    0.00000005
5886.32290460    0.00000022    -0.00000055    0.00000080    0.00000040
5886.44264195    -0.00000028    -0.00000065    0.00000015    -0.00000035
5886.56237930    -0.00000018    0.00000035    -0.00000015    -0.00000075
5886.68211665    -0.00000018    -0.00000050    -0.00000055    0.00000050
5886.80378525    -0.00000057    -0.00000030    -0.00000035    -0.00000105
5886.92352260    0.00000058    0.00000025    0.00000000    0.00000150
5887.04325995    -0.00000002    -0.00000105    0.00000075    0.00000025
5887.16299730    0.00000003    -0.00000060    -0.00000005    0.00000075
5887.28273465    -0.00000043    -0.00000080    0.00000015    -0.00000065
5887.40440324    -0.00000023    0.00000000    -0.00000010    -0.00000060
5887.52414059    0.00000005    -0.00000080    -0.00000005    0.00000100
5887.64387795    -0.00000033    0.00000010    -0.00000100    -0.00000010
5887.76361530    0.00000012    -0.00000040    -0.00000065    0.00000140
5887.88528389    0.00000058    0.00000000    0.00000115    0.00000060
5888.00502124    0.00000042    -0.00000060    0.00000085    0.00000100
5888.12475859    0.00000017    -0.00000030    0.00000005    0.00000075
5888.24449594    0.00000032    -0.00000040    0.00000060    0.00000075
5888.36616454    -0.00000015    -0.00000050    0.00000035    -0.00000030
5888.48590189    0.00000058    0.00000050    0.00000015    0.00000110
5888.60563924    0.00000007    -0.00000060    -0.00000005    0.00000085
5888.72537659    0.00000020    -0.00000050    0.00000005    0.00000105
5888.84704519    0.00000048    -0.00000075    0.00000115    0.00000105
5888.96678254    0.00000023    -0.00000015    0.00000055    0.00000030
5889.08651989    0.00000043    -0.00000100    0.00000115    0.00000115
5889.20625724    -0.00000027    -0.00000015    -0.00000075    0.00000010
5889.32599459    -0.00000000    -0.00000055    0.00000080    -0.00000025
5889.44766319    0.00000015    -0.00000010    -0.00000010    0.00000065
5889.56740054    0.00000007    -0.00000040    -0.00000050    0.00000110
5889.68713789    0.00000010    -0.00000060    0.00000125    -0.00000035
5889.80687524    0.00000082    0.00000050    0.00000060    0.00000135
5889.92854384    -0.00000025    -0.00000060    -0.00000030    0.00000015
5890.04828119    -0.00000033    0.00000025    -0.00000060    -0.00000065
5890.16801854    0.00000010    0.00000010    0.00000010    0.00000010
5890.28775589    0.00000003    -0.00000010    -0.00000015    0.00000035
5890.40942449    0.00000040    -0.00000055    0.00000050    0.00000125
5890.52916184    -0.00000038    -0.00000060    -0.00000065    0.00000010
5890.64889919    0.00000052    0.00000000    0.00000040    0.00000115
5890.76863654    0.00000005    -0.00000085    0.00000050    0.00000050
5890.89030514    0.00000008    -0.00000085    0.00000055    0.00000055
5891.01004249    0.00000007    0.00000010    -0.00000065    0.00000075
5891.12977984    0.00000022    -0.00000075    0.00000060    0.00000080
5891.24951719    -0.00000005    -0.00000050    -0.00000040    0.00000075
5891.36925454    0.00000005    -0.00000030    -0.00000055    0.00000100
5891.49092314    0.00000078    0.00000080    0.00000100    0.00000055
5891.61066049    0.00000057    -0.00000030    0.00000085    0.00000115
5891.73039784    0.00000000    -0.00000025    0.00000080    -0.00000055
5891.85013519    0.00000058    0.00000055    0.00000010    0.00000110
5891.97180379    -0.00000082    -0.00000055    -0.00000060    -0.00000130
5892.09154114    0.00000055    -0.00000010    0.00000075    0.00000100
5892.21127849    0.00000012    -0.00000035    -0.00000040    0.00000110
5892.33101584    -0.00000007    0.00000010    -0.00000040    0.00000010
5892.45268443    -0.00000005    -0.00000090    -0.00000040    0.00000115
5892.57242178    0.00000055    -0.00000030    0.00000115    0.00000080
5892.69215913    0.00000037    0.00000025    0.00000055    0.00000030
5892.81189649    0.00000065    0.00000115    0.00000080    0.00000000
5892.93356508    0.00000068    0.00000065    0.00000075    0.00000065
5893.05330243    0.00000028    0.00000005    -0.00000010    0.00000090
5893.17303978    0.00000015    -0.00000010    -0.00000055    0.00000110
5893.29277713    -0.00000043    -0.00000035    -0.00000080    -0.00000015
5893.41251448    0.00000037    -0.00000055    0.00000050    0.00000115
5893.53418308    0.00000052    0.00000025    0.00000075    0.00000055
5893.65392043    0.00000037    -0.00000080    0.00000050    0.00000140
5893.77365778    -0.00000023    -0.00000030    -0.00000040    0.00000000
5893.89339513    0.00000008    -0.00000015    0.00000005    0.00000035
5894.01506373    0.00000002    -0.00000015    0.00000025    -0.00000005
5894.13480108    -0.00000020    0.00000005    -0.00000030    -0.00000035
5894.25453843    0.00000118    -0.00000005    0.00000200    0.00000160
5894.37427578    0.00000033    0.00000005    0.00000010    0.00000085
5894.49594438    0.00000072    -0.00000030    0.00000135    0.00000110
5894.61568173    0.00000020    0.00000030    0.00000025    0.00000005
5894.73541908    0.00000127    0.00000135    0.00000160    0.00000085
5894.85515643    0.00000180    0.00000175    0.00000165    0.00000200
5894.97682503    0.00000145    0.00000125    0.00000160    0.00000150
5895.09656238    0.00000005    0.00000005    0.00000010    0.00000000
5895.21629973    0.00000130    0.00000215    0.00000025    0.00000150
5895.33603708    0.00000207    0.00000185    0.00000250    0.00000185
5895.45577443    0.00000197    0.00000205    0.00000160    0.00000225
5895.57744303    0.00000297    0.00000325    0.00000360    0.00000205
5895.69718038    0.00000232    0.00000230    0.00000150    0.00000315
5895.81691773    0.00000360    0.00000390    0.00000315    0.00000375
5895.93665508    0.00000417    0.00000390    0.00000460    0.00000400
5896.05832368    0.00000385    0.00000375    0.00000340    0.00000440
5896.17806103    0.00000448    0.00000465    0.00000490    0.00000390
5896.29779838    0.00000698    0.00000730    0.00000665    0.00000700
5896.41753573    0.00000682    0.00000655    0.00000690    0.00000700
5896.53920433    0.00000895    0.00000855    0.00000980    0.00000850
5896.65894168    0.00001015    0.00001075    0.00001090    0.00000880
5896.77867903    0.00001185    0.00001260    0.00001135    0.00001160
5896.89841638    0.00001400    0.00001360    0.00001425    0.00001415
5897.02008497    0.00001607    0.00001515    0.00001660    0.00001645
5897.13982233    0.00001840    0.00001820    0.00001825    0.00001875
5897.25955968    0.00002182    0.00002130    0.00002180    0.00002235
5897.37929703    0.00002492    0.00002580    0.00002550    0.00002345
5897.50096562    0.00002833    0.00002860    0.00002780    0.00002860
5897.62070297    0.00003302    0.00003170    0.00003320    0.00003415
5897.74044032    0.00003895    0.00003825    0.00003970    0.00003890
5897.86017767    0.00004438    0.00004420    0.00004395    0.00004500
5897.97991503    0.00005053    0.00005015    0.00005110    0.00005035
5898.10158362    0.00005545    0.00005575    0.00005550    0.00005510
5898.22132097    0.00006140    0.00006000    0.00006150    0.00006270
5898.34105832    0.00006837    0.00006835    0.00006810    0.00006865
5898.46079567    0.00007597    0.00007585    0.00007570    0.00007635
5898.58246427    0.00008415    0.00008365    0.00008345    0.00008535
5898.70220162    0.00009460    0.00009305    0.00009585    0.00009490
5898.82193897    0.00010517    0.00010505    0.00010410    0.00010635
5898.94167632    0.00011522    0.00011525    0.00011480    0.00011560
5899.06334492    0.00012513    0.00012535    0.00012355    0.00012650
5899.18308227    0.00013373    0.00013325    0.00013490    0.00013305
5899.30281962    0.00013443    0.00013415    0.00013450    0.00013465
5899.42255697    0.00012740    0.00012865    0.00012660    0.00012695
5899.54422557    0.00011485    0.00011570    0.00011480    0.00011405
5899.66396292    0.00010173    0.00010205    0.00010140    0.00010175
5899.78370027    0.00008803    0.00008910    0.00008830    0.00008670
5899.90343762    0.00007245    0.00007420    0.00007270    0.00007045
5900.02317497    0.00005745    0.00005890    0.00005720    0.00005625
5900.14484357    0.00004020    0.00004190    0.00003980    0.00003890
5900.26458092    0.00002435    0.00002480    0.00002405    0.00002420
5900.38431827    0.00001380    0.00001460    0.00001415    0.00001265
5900.50405562    0.00000718    0.00000725    0.00000725    0.00000705
5900.62572422    0.00000620    0.00000610    0.00000600    0.00000650
5900.74546157    0.00000458    0.00000450    0.00000450    0.00000475
5900.86519892    0.00000337    0.00000310    0.00000335    0.00000365
5900.98493627    0.00000393    0.00000425    0.00000380    0.00000375
5901.10660487    0.00000390    0.00000335    0.00000385    0.00000450
5901.22634222    0.00000258    0.00000235    0.00000250    0.00000290
5901.34607957    0.00000270    0.00000275    0.00000275    0.00000260
5901.46581692    0.00000418    0.00000455    0.00000360    0.00000440
5901.58748552    0.00000333    0.00000350    0.00000375    0.00000275
5901.70722287    0.00000493    0.00000490    0.00000505    0.00000485
5901.82696022    0.00000550    0.00000555    0.00000560    0.00000535
5901.94669757    0.00000502    0.00000460    0.00000535    0.00000510
5902.06643492    0.00000683    0.00000690    0.00000680    0.00000680
5902.18810351    0.00000668    0.00000585    0.00000735    0.00000685
5902.30784087    0.00000685    0.00000715    0.00000690    0.00000650
5902.42757822    0.00000925    0.00000910    0.00000990    0.00000875
5902.54731557    0.00001040    0.00001100    0.00000985    0.00001035
5902.66898416    0.00001240    0.00001275    0.00001285    0.00001160
5902.78872151    0.00001450    0.00001400    0.00001435    0.00001515
5902.90845886    0.00001677    0.00001685    0.00001695    0.00001650
5903.02819621    0.00001867    0.00001775    0.00001895    0.00001930
5903.14986481    0.00002192    0.00002150    0.00002155    0.00002270
5903.26960216    0.00002563    0.00002505    0.00002625    0.00002560
5903.38933951    0.00002913    0.00002795    0.00002960    0.00002985
5903.50907686    0.00003312    0.00003345    0.00003295    0.00003295
5903.63074546    0.00003675    0.00003600    0.00003720    0.00003705
5903.75048281    0.00004020    0.00003940    0.00003950    0.00004170
5903.87022016    0.00004495    0.00004440    0.00004570    0.00004475
5903.98995751    0.00005003    0.00005020    0.00004950    0.00005040
5904.10969486    0.00005572    0.00005435    0.00005565    0.00005715
5904.23136346    0.00006207    0.00006220    0.00006260    0.00006140
5904.35110081    0.00006843    0.00006815    0.00006895    0.00006820
5904.47083816    0.00007618    0.00007510    0.00007650    0.00007695
5904.59057551    0.00008417    0.00008365    0.00008520    0.00008365
5904.71224411    0.00009162    0.00009135    0.00009070    0.00009280
5904.83198146    0.00009540    0.00009455    0.00009590    0.00009575
5904.95171881    0.00009440    0.00009535    0.00009330    0.00009455
5905.07145616    0.00008810    0.00008830    0.00008815    0.00008785
5905.19312476    0.00008013    0.00008145    0.00007975    0.00007920
5905.31286211    0.00007017    0.00007165    0.00006985    0.00006900
5905.43259946    0.00006113    0.00006175    0.00006020    0.00006145
5905.55233681    0.00005155    0.00005160    0.00005260    0.00005045
5905.67400541    0.00003980    0.00004140    0.00003970    0.00003830
5905.79374276    0.00002943    0.00002935    0.00002945    0.00002950
5905.91348011    0.00001855    0.00001875    0.00001935    0.00001755
5906.03321746    0.00000988    0.00001105    0.00001025    0.00000835
5906.15295481    0.00000580    0.00000585    0.00000565    0.00000590
5906.27462341    0.00000260    0.00000280    0.00000260    0.00000240
5906.39436076    0.00000125    0.00000135    0.00000150    0.00000090
5906.51409811    0.00000148    0.00000255    0.00000115    0.00000075
5906.63383546    0.00000130    0.00000155    0.00000155    0.00000080
5906.75550406    0.00000147    0.00000185    0.00000165    0.00000090
5906.87524141    0.00000178    0.00000185    0.00000215    0.00000135
5906.99497876    0.00000042    0.00000030    0.00000015    0.00000080
5907.11471611    0.00000090    0.00000105    0.00000075    0.00000090
5907.23638470    0.00000128    0.00000105    0.00000125    0.00000155
5907.35612205    0.00000005    0.00000055    -0.00000030    -0.00000010
5907.47585941    0.00000017    0.00000010    -0.00000015    0.00000055
5907.59559676    0.00000120    0.00000160    0.00000075    0.00000125
5907.71726535    0.00000098    -0.00000030    0.00000175    0.00000150
5907.83700270    0.00000020    0.00000010    -0.00000010    0.00000060
5907.95674005    0.00000072    -0.00000010    0.00000085    0.00000140
5908.07647740    -0.00000005    -0.00000015    -0.00000080    0.00000080
5908.19621475    0.00000040    -0.00000030    0.00000100    0.00000050
5908.31788335    0.00000008    -0.00000040    -0.00000025    0.00000090
5908.43762070    -0.00000008    -0.00000035    -0.00000075    0.00000085
5908.55735805    0.00000055    0.00000030    0.00000035    0.00000100
5908.67709540    -0.00000008    -0.00000025    -0.00000030    0.00000030
5908.79876400    -0.00000022    -0.00000065    0.00000035    -0.00000035
5908.91850135    0.00000058    -0.00000025    0.00000065    0.00000135
5909.03823870    0.00000003    -0.00000110    -0.00000010    0.00000130
5909.15797605    -0.00000033    -0.00000040    -0.00000060    0.00000000
5909.27964465    0.00000020    -0.00000025    -0.00000030    0.00000115
5909.39938200    -0.00000038    -0.00000065    0.00000060    -0.00000110
5909.51911935    -0.00000015    0.00000050    -0.00000090    -0.00000005
5909.63885670    -0.00000020    -0.00000050    -0.00000015    0.00000005
5909.76052530    0.00000012    0.00000050    -0.00000030    0.00000015
5909.88026265    -0.00000010    -0.00000040    -0.00000040    0.00000050
5910.00000000    0.00000010    -0.00000040    0.00000060    0.00000010
