8170.00000000    -0.00000033    0.00000050    -0.00000150    0.00000000
8170.20084975    -0.00000017    0.00000050    -0.00000050    -0.00000050
8170.39976825    0.00000000    0.00000000    0.00000050    -0.00000050
8170.60061800    0.00000000    0.00000000    -0.00000050    0.00000050
8170.79953650    -0.00000050    0.00000100    -0.00000150    -0.00000100
8171.00038625    -0.00000050    -0.00000100    0.00000100    -0.00000150
8171.19930475    -0.00000033    0.00000000    0.00000050    -0.00000150
8171.40015450    0.00000017    0.00000050    -0.00000050    0.00000050
8171.59907300    0.00000017    0.00000050    0.00000000    0.00000000
8171.79992275    -0.00000067    -0.00000100    0.00000000    -0.00000100
8172.00077250    -0.00000067    -0.00000100    -0.00000050    -0.00000050
8172.19969100    -0.00000050    -0.00000100    -0.00000100    0.00000050
8172.40054075    0.00000017    0.00000050    -0.00000050    0.00000050
8172.59945925    0.00000000    0.00000000    -0.00000100    0.00000100
8172.80030900    -0.00000050    0.00000000    -0.00000100    -0.00000050
8172.99922750    -0.00000067    -0.00000100    -0.00000150    0.00000050
8173.20007725    -0.00000033    -0.00000050    0.00000000    -0.00000050
8173.40092700    -0.00000067    -0.00000100    -0.00000100    0.00000000
8173.59984550    -0.00000033    -0.00000100    -0.00000050    0.00000050
8173.80069525    -0.00000033    0.00000100    -0.00000150    -0.00000050
8173.99961375    0.00000000    -0.00000050    0.00000050    0.00000000
8174.20046350    -0.00000083    -0.00000150    -0.00000100    0.00000000
8174.39938200    -0.00000033    0.00000100    -0.00000250    0.00000050
8174.60023175    0.00000017    0.00000100    0.00000050    -0.00000100
8174.79915025    -0.00000083    -0.00000050    -0.00000100    -0.00000100
8175.00000000    -0.00000033    -0.00000100    0.00000100    -0.00000100
8175.20084975    -0.00000017    -0.00000050    0.00000050    -0.00000050
8175.39976825    -0.00000000    0.00000050    -0.00000150    0.00000100
8175.60061800    0.00000000    0.00000050    -0.00000100    0.00000050
8175.79953650    -0.00000050    0.00000050    -0.00000050    -0.00000150
8176.00038625    0.00000000    0.00000000    0.00000050    -0.00000050
8176.19930475    0.00000017    0.00000100    -0.00000100    0.00000050
8176.40015450    0.00000050    0.00000100    0.00000000    0.00000050
8176.59907300    0.00000017    -0.00000050    0.00000100    0.00000000
8176.79992275    0.00000017    0.00000000    0.00000050    0.00000000
8177.00077250    -0.00000017    -0.00000100    0.00000100    -0.00000050
8177.19969100    0.00000017    0.00000050    -0.00000050    0.00000050
8177.40054075    0.00000050    0.00000100    -0.00000050    0.00000100
8177.59945925    0.00000050    0.00000050    -0.00000000    0.00000100
8177.80030900    0.00000017    0.00000100    -0.00000050    0.00000000
8177.99922750    -0.00000050    -0.00000100    0.00000050    -0.00000100
8178.20007725    0.00000000    -0.00000050    -0.00000050    0.00000100
8178.40092700    0.00000000    0.00000000    -0.00000050    0.00000050
8178.59984550    0.00000017    0.00000050    0.00000050    -0.00000050
8178.80069525    0.00000017    0.00000050    -0.00000100    0.00000100
8178.99961375    0.00000033    0.00000000    0.00000050    0.00000050
8179.20046350    0.00000033    0.00000100    0.00000050    -0.00000050
8179.39938200    0.00000017    0.00000050    0.00000100    -0.00000100
8179.60023175    0.00000100    0.00000100    0.00000150    0.00000050
8179.79915025    0.00000000    -0.00000050    -0.00000000    0.00000050
8180.00000000    0.00000067    0.00000150    0.00000000    0.00000050
8180.20084975    0.00000083    0.00000150    0.00000000    0.00000100
8180.39976825    0.00000033    0.00000150    -0.00000050    0.00000000
8180.60061800    0.00000050    0.00000100    0.00000100    -0.00000050
8180.79953650    0.00000117    0.00000150    0.00000150    0.00000050
8181.00038625    0.00000200    0.00000250    0.00000100    0.00000250
8181.19930475    0.00000217    0.00000300    0.00000100    0.00000250
8181.40015450    0.00000333    0.00000350    0.00000250    0.00000400
8181.59907300    0.00000400    0.00000400    0.00000400    0.00000400
8181.79992275    0.00000583    0.00000600    0.00000500    0.00000650
8182.00077250    0.00000733    0.00000650    0.00000800    0.00000750
8182.19969100    0.00000967    0.00000850    0.00001050    0.00001000
8182.40054075    0.00001283    0.00001250    0.00001250    0.00001350
8182.59945925    0.00001550    0.00001600    0.00001500    0.00001550
8182.80030900    0.00001933    0.00002000    0.00001900    0.00001900
8182.99922750    0.00002350    0.00002300    0.00002500    0.00002250
8183.20007725    0.00002783    0.00002750    0.00002850    0.00002750
8183.40092700    0.00003483    0.00003400    0.00003550    0.00003500
8183.59984550    0.00004200    0.00004100    0.00004150    0.00004350
8183.80069525    0.00005183    0.00005150    0.00005100    0.00005300
8183.99961375    0.00006150    0.00006100    0.00006050    0.00006300
8184.20046350    0.00007333    0.00007350    0.00007150    0.00007500
8184.39938200    0.00008667    0.00008650    0.00008500    0.00008850
8184.60023175    0.00010383    0.00010300    0.00010300    0.00010550
8184.79915025    0.00012533    0.00012500    0.00012550    0.00012550
8185.00000000    0.00015183    0.00015000    0.00015400    0.00015150
8185.20084975    0.00017933    0.00017800    0.00018050    0.00017950
8185.39976825    0.00021083    0.00021000    0.00021050    0.00021200
8185.60061800    0.00024250    0.00024100    0.00024050    0.00024600
8185.79953650    0.00027117    0.00027250    0.00026800    0.00027300
8186.00038625    0.00029767    0.00029800    0.00029500    0.00030000
8186.19930475    0.00032483    0.00032400    0.00032250    0.00032800
8186.40015450    0.00035167    0.00035150    0.00035050    0.00035300
8186.59907300    0.00037833    0.00037650    0.00037950    0.00037900
8186.79992275    0.00040617    0.00040300    0.00041250    0.00040300
8187.00077250    0.00043183    0.00042700    0.00043900    0.00042950
8187.19969100    0.00045883    0.00045450    0.00046250    0.00045950
8187.40054075    0.00048200    0.00047800    0.00048400    0.00048400
8187.59945925    0.00050567    0.00050600    0.00050250    0.00050850
8187.80030900    0.00052683    0.00052750    0.00052350    0.00052950
8187.99922750    0.00054383    0.00054600    0.00053600    0.00054950
8188.20007725    0.00055683    0.00055900    0.00055250    0.00055900
8188.40092700    0.00056383    0.00056500    0.00055950    0.00056700
8188.59984550    0.00057017    0.00057150    0.00056450    0.00057450
8188.80069525    0.00056667    0.00057100    0.00056200    0.00056700
8188.99961375    0.00055967    0.00056400    0.00055650    0.00055850
8189.20046350    0.00054733    0.00054750    0.00054950    0.00054500
8189.39938200    0.00053717    0.00053600    0.00054100    0.00053450
8189.60023175    0.00052183    0.00052500    0.00051950    0.00052100
8189.79915025    0.00049667    0.00049900    0.00049450    0.00049650
8190.00000000    0.00047100    0.00047250    0.00047150    0.00046900
8190.20084975    0.00044117    0.00044450    0.00043900    0.00044000
8190.39976825    0.00041117    0.00041200    0.00040900    0.00041250
8190.60061800    0.00038117    0.00038650    0.00037700    0.00038000
8190.79953650    0.00034867    0.00035000    0.00034950    0.00034650
8191.00038625    0.00031767    0.00031900    0.00031900    0.00031500
8191.19930475    0.00028783    0.00028700    0.00029200    0.00028450
8191.40015450    0.00025517    0.00025550    0.00025800    0.00025200
8191.59907300    0.00022783    0.00022850    0.00022950    0.00022550
8191.79992275    0.00019800    0.00019950    0.00019850    0.00019600
8192.00077250    0.00016950    0.00017250    0.00016850    0.00016750
8192.19969100    0.00014400    0.00014600    0.00014300    0.00014300
8192.40054075    0.00011633    0.00011900    0.00011500    0.00011500
8192.59945925    0.00009333    0.00009600    0.00009050    0.00009350
8192.80030900    0.00007183    0.00007350    0.00007100    0.00007100
8192.99922750    0.00005683    0.00005800    0.00005600    0.00005650
8193.20007725    0.00004733    0.00004800    0.00004600    0.00004800
8193.40092700    0.00004317    0.00004350    0.00004250    0.00004350
8193.59984550    0.00004467    0.00004500    0.00004400    0.00004500
8193.80069525    0.00005200    0.00005050    0.00005250    0.00005300
8193.99961375    0.00006167    0.00006100    0.00006300    0.00006100
8194.20046350    0.00007500    0.00007400    0.00007550    0.00007550
8194.39938200    0.00008983    0.00008850    0.00009100    0.00009000
8194.60023175    0.00010683    0.00010550    0.00010750    0.00010750
8194.79915025    0.00012833    0.00012750    0.00012900    0.00012850
8195.00000000    0.00015350    0.00015150    0.00015250    0.00015650
8195.20084975    0.00018700    0.00018600    0.00018300    0.00019200
8195.39976825    0.00022950    0.00022800    0.00022600    0.00023450
8195.60061800    0.00027117    0.00026950    0.00026850    0.00027550
8195.79953650    0.00031517    0.00031250    0.00031500    0.00031800
8196.00038625    0.00036033    0.00035650    0.00036200    0.00036250
8196.19930475    0.00039633    0.00039200    0.00040050    0.00039650
8196.40015450    0.00043450    0.00042900    0.00043950    0.00043500
8196.59907300    0.00047450    0.00047200    0.00047650    0.00047500
8196.79992275    0.00051333    0.00051100    0.00051250    0.00051650
8197.00077250    0.00055217    0.00055100    0.00054600    0.00055950
8197.19969100    0.00059017    0.00059200    0.00058250    0.00059600
8197.40054075    0.00062533    0.00062700    0.00061950    0.00062950
8197.59945925    0.00066133    0.00065850    0.00066100    0.00066450
8197.80030900    0.00069267    0.00069000    0.00069700    0.00069100
8197.99922750    0.00072350    0.00071650    0.00073150    0.00072250
8198.20007725    0.00075150    0.00074500    0.00075950    0.00075000
8198.40092700    0.00077217    0.00077100    0.00077350    0.00077200
8198.59984550    0.00079233    0.00079100    0.00079000    0.00079600
8198.80069525    0.00080183    0.00080550    0.00079450    0.00080550
8198.99961375    0.00080300    0.00080700    0.00079400    0.00080800
8199.20046350    0.00080217    0.00080600    0.00079350    0.00080700
8199.39938200    0.00079733    0.00080450    0.00078700    0.00080050
8199.60023175    0.00077450    0.00078200    0.00077150    0.00077000
8199.79915025    0.00075483    0.00075350    0.00076200    0.00074900
8200.00000000    0.00073817    0.00073750    0.00074700    0.00073000
8200.20084975    0.00070867    0.00070450    0.00071650    0.00070500
8200.39976825    0.00067617    0.00067600    0.00068100    0.00067150
8200.60061800    0.00063600    0.00063700    0.00063400    0.00063700
8200.79953650    0.00059800    0.00060350    0.00059150    0.00059900
8201.00038625    0.00055300    0.00056100    0.00054450    0.00055350
8201.19930475    0.00051150    0.00051700    0.00050600    0.00051150
8201.40015450    0.00046633    0.00047150    0.00046700    0.00046050
8201.59907300    0.00042117    0.00042400    0.00042450    0.00041500
8201.79992275    0.00037717    0.00037900    0.00037950    0.00037300
8202.00077250    0.00033167    0.00033700    0.00033000    0.00032800
8202.19969100    0.00028900    0.00029200    0.00028700    0.00028800
8202.40054075    0.00024933    0.00025450    0.00024500    0.00024850
8202.59945925    0.00020817    0.00021200    0.00020450    0.00020800
8202.80030900    0.00016967    0.00017300    0.00016800    0.00016800
8202.99922750    0.00013483    0.00013750    0.00013350    0.00013350
8203.20007725    0.00009900    0.00010100    0.00010000    0.00009600
8203.40092700    0.00006883    0.00007100    0.00006900    0.00006650
8203.59984550    0.00004300    0.00004500    0.00004250    0.00004150
8203.80069525    0.00002483    0.00002600    0.00002550    0.00002300
8203.99961375    0.00001267    0.00001350    0.00001300    0.00001150
8204.20046350    0.00000433    0.00000500    0.00000400    0.00000400
8204.39938200    0.00000250    0.00000300    0.00000150    0.00000300
8204.60023175    0.00000200    0.00000250    0.00000100    0.00000250
8204.79915025    0.00000117    0.00000100    0.00000100    0.00000150
8205.00000000    0.00000100    0.00000050    0.00000250    0.00000000
8205.20084975    0.00000117    0.00000100    0.00000150    0.00000100
8205.39976825    0.00000150    0.00000100    0.00000250    0.00000100
8205.60061800    0.00000167    0.00000150    0.00000250    0.00000100
8205.79953650    0.00000050    0.00000100    0.00000100    -0.00000050
8206.00038625    0.00000067    0.00000050    0.00000050    0.00000100
8206.19930475    0.00000017    -0.00000050    0.00000050    0.00000050
8206.40015450    0.00000050    0.00000100    0.00000100    -0.00000050
8206.59907300    0.00000083    0.00000100    0.00000050    0.00000100
8206.79992275    0.00000017    0.00000050    0.00000000    0.00000000
8207.00077250    0.00000033    0.00000000    0.00000050    0.00000050
8207.19969100    0.00000083    0.00000050    0.00000050    0.00000150
8207.40054075    0.00000033    0.00000050    -0.00000050    0.00000100
8207.59945925    0.00000017    0.00000100    -0.00000100    0.00000050
8207.80030900    0.00000000    0.00000000    -0.00000100    0.00000100
8207.99922750    0.00000033    0.00000000    0.00000050    0.00000050
8208.20007725    0.00000017    -0.00000100    0.00000100    0.00000050
8208.40092700    0.00000000    -0.00000050    0.00000100    -0.00000050
8208.59984550    -0.00000050    -0.00000100    0.00000000    -0.00000050
8208.80069525    0.00000083    0.00000100    0.00000050    0.00000100
8208.99961375    0.00000067    0.00000100    0.00000000    0.00000100
8209.20046350    0.00000033    0.00000050    -0.00000100    0.00000150
8209.39938200    0.00000033    0.00000050    0.00000000    0.00000050
8209.60023175    -0.00000050    0.00000000    -0.00000050    -0.00000100
8209.79915025    0.00000050    -0.00000050    0.00000100    0.00000100
8210.00000000    0.00000017    -0.00000050    -0.00000050    0.00000150
8210.20084975    0.00000050    0.00000000    0.00000100    0.00000050
8210.39976825    0.00000067    0.00000050    0.00000050    0.00000100
8210.60061800    -0.00000033    0.00000050    -0.00000100    -0.00000050
8210.79953650    -0.00000017    -0.00000050    -0.00000050    0.00000050
8211.00038625    -0.00000017    -0.00000100    0.00000000    0.00000050
8211.19930475    -0.00000017    -0.00000100    0.00000050    0.00000000
8211.40015450    0.00000000    -0.00000050    -0.00000050    0.00000100
8211.59907300    0.00000033    0.00000050    0.00000000    0.00000050
8211.79992275    -0.00000083    -0.00000150    -0.00000100    0.00000000
8212.00077250    0.00000000    0.00000000    -0.00000100    0.00000100
8212.19969100    0.00000000    0.00000000    0.00000000    0.00000000
8212.40054075    0.00000033    -0.00000050    0.00000050    0.00000100
8212.59945925    -0.00000033    0.00000000    0.00000000    -0.00000100
8212.80030900    -0.00000017    -0.00000100    0.00000100    -0.00000050
8212.99922750    -0.00000033    -0.00000050    -0.00000150    0.00000100
8213.20007725    -0.00000100    -0.00000100    -0.00000100    -0.00000100
8213.40092700    -0.00000083    -0.00000050    -0.00000150    -0.00000050
8213.59984550    -0.00000083    -0.00000150    -0.00000050    -0.00000050
8213.80069525    -0.00000017    0.00000050    0.00000000    -0.00000100
8213.99961375    -0.00000017    0.00000050    -0.00000100    0.00000000
8214.20046350    -0.00000017    0.00000050    -0.00000100    0.00000000
8214.39938200    -0.00000050    -0.00000050    -0.00000100    0.00000000
8214.60023175    -0.00000033    0.00000050    -0.00000100    -0.00000050
8214.79915025    -0.00000017    -0.00000050    0.00000050    -0.00000050
8215.00000000    0.00000033    0.00000050    -0.00000050    0.00000100
8215.20084975    -0.00000067    0.00000050    -0.00000100    -0.00000150
8215.39976825    -0.00000017    0.00000050    -0.00000150    0.00000050
8215.60061800    -0.00000017    0.00000000    0.00000050    -0.00000100
8215.79953650    -0.00000017    -0.00000050    0.00000100    -0.00000100
8216.00038625    0.00000050    0.00000050    -0.00000000    0.00000100
8216.19930475    0.00000050    0.00000000    0.00000050    0.00000100
8216.40015450    -0.00000017    0.00000050    -0.00000100    0.00000000
8216.59907300    0.00000000    -0.00000050    0.00000000    0.00000050
8216.79992275    -0.00000033    -0.00000050    -0.00000050    0.00000000
8217.00077250    -0.00000017    -0.00000050    0.00000050    -0.00000050
8217.19969100    -0.00000033    -0.00000100    -0.00000050    0.00000050
8217.40054075    0.00000033    0.00000050    0.00000000    0.00000050
8217.59945925    -0.00000017    0.00000000    -0.00000100    0.00000050
8217.80030900    -0.00000017    -0.00000100    0.00000100    -0.00000050
8217.99922750    -0.00000017    -0.00000050    0.00000000    0.00000000
8218.20007725    -0.00000017    -0.00000050    -0.00000100    0.00000100
8218.40092700    -0.00000033    -0.00000000    0.00000000    -0.00000100
8218.59984550    -0.00000100    -0.00000050    -0.00000150    -0.00000100
8218.80069525    -0.00000117    -0.00000150    -0.00000100    -0.00000100
8218.99961375    -0.00000067    -0.00000100    0.00000050    -0.00000150
8219.20046350    -0.00000083    -0.00000050    -0.00000150    -0.00000050
8219.39938200    -0.00000050    -0.00000050    0.00000000    -0.00000100
8219.60023175    -0.00000050    -0.00000150    -0.00000100    0.00000100
8219.79915025    -0.00000050    0.00000050    -0.00000100    -0.00000100
8220.00000000    -0.00000067    -0.00000100    0.00000050    -0.00000150
