5880.00000000    0.00000043    -0.00000115    0.00000090    0.00000155
5880.20084975    0.00000057    -0.00000040    0.00000025    0.00000185
5880.39976825    0.00000075    -0.00000065    0.00000125    0.00000165
5880.60061800    0.00000080    -0.00000005    0.00000035    0.00000210
5880.79953650    0.00000043    -0.00000085    0.00000115    0.00000100
5881.00038625    0.00000047    -0.00000055    0.00000085    0.00000110
5881.19930475    -0.00000027    -0.00000010    0.00000085    -0.00000155
5881.40015450    0.00000053    -0.00000035    -0.00000030    0.00000225
5881.59907300    -0.00000025    0.00000015    0.00000040    -0.00000130
5881.79992275    -0.00000020    0.00000030    -0.00000050    -0.00000040
5882.00077250    -0.00000043    -0.00000040    -0.00000060    -0.00000030
5882.19969100    0.00000080    0.00000010    0.00000115    0.00000115
5882.40054075    0.00000067    0.00000085    0.00000090    0.00000025
5882.59945925    0.00000012    -0.00000055    0.00000065    0.00000025
5882.80030900    -0.00000033    -0.00000085    -0.00000115    0.00000100
5882.99922750    0.00000020    -0.00000130    0.00000005    0.00000185
5883.20007725    -0.00000008    -0.00000065    0.00000115    -0.00000075
5883.40092700    0.00000068    0.00000090    0.00000110    0.00000005
5883.59984550    0.00000032    0.00000035    0.00000050    0.00000010
5883.80069525    -0.00000010    -0.00000055    -0.00000015    0.00000040
5883.99961375    0.00000105    0.00000080    0.00000150    0.00000085
5884.20046350    0.00000008    -0.00000025    0.00000085    -0.00000035
5884.39938200    0.00000073    0.00000110    0.00000050    0.00000060
5884.60023175    0.00000007    -0.00000000    0.00000125    -0.00000105
5884.79915025    0.00000043    0.00000080    0.00000040    0.00000010
5885.00000000    0.00000075    0.00000135    0.00000115    -0.00000025
5885.20084975    0.00000093    0.00000115    0.00000065    0.00000100
5885.39976825    0.00000128    0.00000100    0.00000125    0.00000160
5885.60061800    0.00000028    -0.00000010    0.00000055    0.00000040
5885.79953650    0.00000013    -0.00000040    0.00000105    -0.00000025
5886.00038625    0.00000118    -0.00000015    0.00000135    0.00000235
5886.19930475    0.00000122    0.00000055    0.00000125    0.00000185
5886.40015450    0.00000083    -0.00000105    0.00000125    0.00000230
5886.59907300    0.00000052    -0.00000015    0.00000005    0.00000165
5886.79992275    0.00000042    -0.00000040    -0.00000040    0.00000205
5887.00077250    -0.00000015    0.00000010    0.00000035    -0.00000090
5887.19969100    0.00000055    0.00000060    0.00000030    0.00000075
5887.40054075    0.00000005    -0.00000010    0.00000075    -0.00000050
5887.59945925    -0.00000023    -0.00000090    -0.00000065    0.00000085
5887.80030900    0.00000010    -0.00000060    0.00000010    0.00000080
5887.99922750    0.00000097    -0.00000050    0.00000090    0.00000250
5888.20007725    0.00000147    0.00000015    0.00000200    0.00000225
5888.40092700    0.00000163    0.00000085    0.00000115    0.00000290
5888.59984550    0.00000052    -0.00000010    0.00000110    0.00000055
5888.80069525    0.00000082    0.00000035    -0.00000040    0.00000250
5888.99961375    0.00000107    -0.00000010    0.00000200    0.00000130
5889.20046350    0.00000282    0.00000250    0.00000310    0.00000285
5889.39938200    0.00000312    0.00000230    0.00000280    0.00000425
5889.60023175    0.00000263    0.00000235    0.00000290    0.00000265
5889.79915025    0.00000360    0.00000325    0.00000350    0.00000405
5890.00000000    0.00000477    0.00000465    0.00000535    0.00000430
5890.20084975    0.00000663    0.00000730    0.00000710    0.00000550
5890.39976825    0.00000842    0.00000785    0.00000815    0.00000925
5890.60061800    0.00000938    0.00000930    0.00000980    0.00000905
5890.79953650    0.00001362    0.00001375    0.00001285    0.00001425
5891.00038625    0.00001682    0.00001725    0.00001745    0.00001575
5891.19930475    0.00002178    0.00002180    0.00002155    0.00002200
5891.40015450    0.00002732    0.00002625    0.00002825    0.00002745
5891.59907300    0.00003427    0.00003470    0.00003420    0.00003390
5891.79992275    0.00004167    0.00003920    0.00004255    0.00004325
5892.00077250    0.00004788    0.00004820    0.00004775    0.00004770
5892.19969100    0.00005453    0.00005490    0.00005475    0.00005395
5892.40054075    0.00006060    0.00006095    0.00006075    0.00006010
5892.59945925    0.00006642    0.00006520    0.00006635    0.00006770
5892.80030900    0.00007275    0.00007220    0.00007315    0.00007290
5892.99922750    0.00007858    0.00007945    0.00007870    0.00007760
5893.20007725    0.00008547    0.00008505    0.00008545    0.00008590
5893.40092700    0.00009078    0.00008985    0.00009045    0.00009205
5893.59984550    0.00009738    0.00009630    0.00009800    0.00009785
5893.80069525    0.00010360    0.00010380    0.00010350    0.00010350
5893.99961375    0.00010977    0.00010910    0.00010930    0.00011090
5894.20046350    0.00011590    0.00011585    0.00011530    0.00011655
5894.39938200    0.00012207    0.00012300    0.00011970    0.00012350
5894.60023175    0.00012663    0.00012730    0.00012550    0.00012710
5894.79915025    0.00013173    0.00013275    0.00013120    0.00013125
5895.00000000    0.00013597    0.00013480    0.00013620    0.00013690
5895.20084975    0.00013855    0.00013855    0.00013890    0.00013820
5895.39976825    0.00014202    0.00014275    0.00014065    0.00014265
5895.60061800    0.00014278    0.00014345    0.00014275    0.00014215
5895.79953650    0.00014302    0.00014165    0.00014500    0.00014240
5896.00038625    0.00014208    0.00014090    0.00014290    0.00014245
5896.19930475    0.00013828    0.00013790    0.00013905    0.00013790
5896.40015450    0.00013543    0.00013565    0.00013575    0.00013490
5896.59907300    0.00013163    0.00013165    0.00013275    0.00013050
5896.79992275    0.00012890    0.00012845    0.00013050    0.00012775
5897.00077250    0.00012773    0.00012720    0.00012725    0.00012875
5897.19969100    0.00012672    0.00012720    0.00012530    0.00012765
5897.40054075    0.00012540    0.00012520    0.00012545    0.00012555
5897.59945925    0.00012167    0.00012170    0.00012235    0.00012095
5897.80030900    0.00012008    0.00011935    0.00012070    0.00012020
5897.99922750    0.00011728    0.00011685    0.00011680    0.00011820
5898.20007725    0.00011405    0.00011420    0.00011360    0.00011435
5898.40092700    0.00011107    0.00011130    0.00011300    0.00010890
5898.59984550    0.00010875    0.00010885    0.00010835    0.00010905
5898.80069525    0.00010430    0.00010435    0.00010505    0.00010350
5898.99961375    0.00010182    0.00010230    0.00010190    0.00010125
5899.20046350    0.00010018    0.00010075    0.00009950    0.00010030
5899.39938200    0.00009878    0.00009960    0.00009935    0.00009740
5899.60023175    0.00009897    0.00009800    0.00009800    0.00010090
5899.79915025    0.00009767    0.00009955    0.00009705    0.00009640
5900.00000000    0.00009657    0.00009750    0.00009615    0.00009605
5900.20084975    0.00009195    0.00009130    0.00009290    0.00009165
5900.39976825    0.00009078    0.00009090    0.00008955    0.00009190
5900.60061800    0.00009193    0.00009140    0.00009105    0.00009335
5900.79953650    0.00009325    0.00009205    0.00009410    0.00009360
5901.00038625    0.00009605    0.00009535    0.00009625    0.00009655
5901.19930475    0.00009608    0.00009605    0.00009610    0.00009610
5901.40015450    0.00009743    0.00009700    0.00009890    0.00009640
5901.59907300    0.00009705    0.00009750    0.00009650    0.00009715
5901.79992275    0.00009545    0.00009470    0.00009540    0.00009625
5902.00077250    0.00009160    0.00009205    0.00009240    0.00009035
5902.19969100    0.00008677    0.00008780    0.00008705    0.00008545
5902.40054075    0.00008330    0.00008380    0.00008320    0.00008290
5902.59945925    0.00007957    0.00008085    0.00007835    0.00007950
5902.80030900    0.00007570    0.00007565    0.00007595    0.00007550
5902.99922750    0.00007265    0.00007315    0.00007265    0.00007215
5903.20007725    0.00006767    0.00006700    0.00006835    0.00006765
5903.40092700    0.00006322    0.00006515    0.00006290    0.00006160
5903.59984550    0.00005863    0.00005810    0.00005860    0.00005920
5903.80069525    0.00005447    0.00005560    0.00005390    0.00005390
5903.99961375    0.00005000    0.00004990    0.00005060    0.00004950
5904.20046350    0.00004582    0.00004675    0.00004570    0.00004500
5904.39938200    0.00004147    0.00004075    0.00004200    0.00004165
5904.60023175    0.00003705    0.00003805    0.00003820    0.00003490
5904.79915025    0.00003155    0.00003280    0.00003160    0.00003025
5905.00000000    0.00002627    0.00002575    0.00002705    0.00002600
5905.20084975    0.00002143    0.00002200    0.00002075    0.00002155
5905.39976825    0.00001677    0.00001650    0.00001650    0.00001730
5905.60061800    0.00001260    0.00001340    0.00001255    0.00001185
5905.79953650    0.00000777    0.00000875    0.00000750    0.00000705
5906.00038625    0.00000505    0.00000610    0.00000550    0.00000355
5906.19930475    0.00000318    0.00000455    0.00000275    0.00000225
5906.40015450    0.00000187    0.00000250    0.00000150    0.00000160
5906.59907300    0.00000093    0.00000175    0.00000050    0.00000055
5906.79992275    0.00000197    0.00000130    0.00000200    0.00000260
5907.00077250    0.00000127    0.00000160    0.00000090    0.00000130
5907.19969100    0.00000142    0.00000110    0.00000140    0.00000175
5907.40054075    0.00000095    0.00000065    0.00000085    0.00000135
5907.59945925    0.00000035    0.00000125    -0.00000030    0.00000010
5907.80030900    -0.00000005    0.00000010    -0.00000025    0.00000000
5907.99922750    0.00000070    0.00000075    0.00000075    0.00000060
5908.20007725    0.00000157    0.00000155    0.00000090    0.00000225
5908.40092700    0.00000032    -0.00000040    0.00000075    0.00000060
5908.59984550    0.00000047    -0.00000100    0.00000090    0.00000150
5908.80069525    0.00000115    0.00000010    0.00000150    0.00000185
5908.99961375    0.00000105    -0.00000090    0.00000105    0.00000300
5909.20046350    0.00000065    0.00000065    0.00000115    0.00000015
5909.39938200    0.00000052    -0.00000010    0.00000005    0.00000160
5909.60023175    0.00000030    0.00000015    0.00000060    0.00000015
5909.79915025    0.00000090    -0.00000010    0.00000105    0.00000175
5910.00000000    -0.00000020    -0.00000030    -0.00000030    0.00000000
5910.20084975    0.00000015    -0.00000105    0.00000125    0.00000025
5910.39976825    0.00000025    0.00000005    -0.00000015    0.00000085
5910.60061800    -0.00000022    -0.00000130    0.00000055    0.00000010
5910.79953650    0.00000017    0.00000035    -0.00000060    0.00000075
5911.00038625    -0.00000032    0.00000015    -0.00000035    -0.00000075
5911.19930475    0.00000087    -0.00000005    0.00000185    0.00000080
5911.40015450    0.00000028    -0.00000125    0.00000035    0.00000175
5911.59907300    0.00000057    -0.00000025    0.00000085    0.00000110
5911.79992275    0.00000113    0.00000000    0.00000130    0.00000210
5912.00077250    0.00000012    0.00000015    -0.00000030    0.00000050
5912.19969100    -0.00000028    0.00000040    0.00000015    -0.00000140
5912.40054075    -0.00000042    0.00000060    -0.00000050    -0.00000135
5912.59945925    0.00000035    -0.00000030    0.00000010    0.00000125
5912.80030900    0.00000000    -0.00000100    -0.00000050    0.00000150
5912.99922750    -0.00000072    0.00000010    -0.00000110    -0.00000115
5913.20007725    0.00000028    -0.00000090    0.00000010    0.00000165
5913.40092700    0.00000115    -0.00000055    0.00000190    0.00000210
5913.59984550    0.00000058    -0.00000065    0.00000065    0.00000175
5913.80069525    0.00000088    0.00000010    -0.00000030    0.00000285
5913.99961375    0.00000045    -0.00000065    -0.00000030    0.00000230
5914.20046350    -0.00000017    -0.00000080    -0.00000055    0.00000085
5914.39938200    -0.00000027    -0.00000055    0.00000015    -0.00000040
5914.60023175    0.00000042    0.00000005    -0.00000005    0.00000125
5914.79915025    0.00000008    -0.00000030    -0.00000050    0.00000105
5915.00000000    0.00000047    -0.00000030    -0.00000015    0.00000185
