5885.00000000    0.00000067    0.00000065    0.00000085    0.00000050
5885.11973735    -0.00000010    -0.00000040    -0.00000025    0.00000035
5885.23947470    0.00000025    -0.00000035    0.00000085    0.00000025
5885.36114330    0.00000020    -0.00000075    0.00000075    0.00000060
5885.48088065    0.00000015    0.00000005    0.00000055    -0.00000015
5885.60061800    0.00000010    -0.00000025    0.00000055    -0.00000000
5885.72035535    0.00000100    0.00000080    0.00000130    0.00000090
5885.84202395    -0.00000030    -0.00000005    -0.00000080    -0.00000005
5885.96176130    -0.00000037    -0.00000130    -0.00000060    0.00000080
5886.08149865    -0.00000042    -0.00000025    -0.00000040    -0.00000060
5886.20123600    -0.00000030    0.00000025    -0.00000125    0.00000010
5886.32290460    0.00000038    0.00000025    0.00000100    -0.00000010
5886.44264195    0.00000028    0.00000075    0.00000005    0.00000005
5886.56237930    0.00000042    0.00000050    0.00000090    -0.00000015
5886.68211665    0.00000028    0.00000090    0.00000035    -0.00000040
5886.80378525    0.00000007    0.00000050    0.00000035    -0.00000065
5886.92352260    -0.00000045    -0.00000035    -0.00000085    -0.00000015
5887.04325995    -0.00000032    -0.00000110    -0.00000025    0.00000040
5887.16299730    0.00000048    -0.00000040    0.00000025    0.00000160
5887.28273465    -0.00000018    -0.00000085    -0.00000060    0.00000090
5887.40440324    -0.00000002    0.00000005    -0.00000060    0.00000050
5887.52414059    0.00000025    0.00000000    -0.00000015    0.00000090
5887.64387795    0.00000007    -0.00000085    0.00000075    0.00000030
5887.76361530    0.00000000    -0.00000090    -0.00000035    0.00000125
5887.88528389    0.00000027    0.00000025    0.00000025    0.00000030
5888.00502124    0.00000058    0.00000030    0.00000115    0.00000030
5888.12475859    -0.00000033    0.00000010    -0.00000115    0.00000005
5888.24449594    0.00000007    -0.00000125    0.00000065    0.00000080
5888.36616454    -0.00000015    -0.00000055    0.00000015    -0.00000005
5888.48590189    0.00000000    -0.00000035    -0.00000025    0.00000060
5888.60563924    0.00000037    0.00000040    0.00000110    -0.00000040
5888.72537659    0.00000042    -0.00000065    0.00000075    0.00000115
5888.84704519    0.00000033    0.00000005    0.00000055    0.00000040
5888.96678254    0.00000080    0.00000050    0.00000040    0.00000150
5889.08651989    0.00000023    0.00000050    0.00000105    -0.00000085
5889.20625724    0.00000055    0.00000050    0.00000050    0.00000065
5889.32599459    -0.00000018    0.00000040    -0.00000040    -0.00000055
5889.44766319    -0.00000040    -0.00000090    -0.00000115    0.00000085
5889.56740054    0.00000063    0.00000055    0.00000105    0.00000030
5889.68713789    0.00000000    -0.00000050    -0.00000040    0.00000090
5889.80687524    0.00000058    0.00000010    0.00000110    0.00000055
5889.92854384    0.00000020    0.00000010    -0.00000025    0.00000075
5890.04828119    0.00000053    -0.00000065    0.00000160    0.00000065
5890.16801854    0.00000060    -0.00000010    0.00000090    0.00000100
5890.28775589    -0.00000013    0.00000000    0.00000035    -0.00000075
5890.40942449    0.00000080    0.00000090    0.00000085    0.00000065
5890.52916184    0.00000037    0.00000010    0.00000050    0.00000050
5890.64889919    0.00000040    -0.00000040    0.00000110    0.00000050
5890.76863654    0.00000035    -0.00000015    0.00000090    0.00000030
5890.89030514    0.00000032    -0.00000015    0.00000035    0.00000075
5891.01004249    0.00000027    -0.00000110    0.00000090    0.00000100
5891.12977984    -0.00000002    -0.00000075    0.00000060    0.00000010
5891.24951719    0.00000075    -0.00000000    0.00000100    0.00000125
5891.36925454    0.00000022    0.00000005    -0.00000040    0.00000100
5891.49092314    -0.00000010    0.00000025    0.00000010    -0.00000065
5891.61066049    0.00000032    -0.00000010    -0.00000035    0.00000140
5891.73039784    0.00000067    -0.00000040    0.00000140    0.00000100
5891.85013519    0.00000075    -0.00000010    0.00000050    0.00000185
5891.97180379    0.00000023    0.00000010    0.00000055    0.00000005
5892.09154114    0.00000023    0.00000010    -0.00000025    0.00000085
5892.21127849    0.00000070    -0.00000040    0.00000135    0.00000115
5892.33101584    0.00000127    0.00000090    0.00000115    0.00000175
5892.45268443    0.00000042    0.00000040    0.00000010    0.00000075
5892.57242178    0.00000105    0.00000125    0.00000065    0.00000125
5892.69215913    0.00000170    0.00000210    0.00000150    0.00000150
5892.81189649    0.00000198    0.00000210    0.00000185    0.00000200
5892.93356508    0.00000257    0.00000255    0.00000215    0.00000300
5893.05330243    0.00000142    0.00000125    0.00000200    0.00000100
5893.17303978    0.00000210    0.00000225    0.00000190    0.00000215
5893.29277713    0.00000297    0.00000325    0.00000325    0.00000240
5893.41251448    0.00000422    0.00000375    0.00000440    0.00000450
5893.53418308    0.00000452    0.00000490    0.00000405    0.00000460
5893.65392043    0.00000580    0.00000575    0.00000590    0.00000575
5893.77365778    0.00000693    0.00000685    0.00000685    0.00000710
5893.89339513    0.00000840    0.00000760    0.00000875    0.00000885
5894.01506373    0.00000920    0.00000900    0.00000850    0.00001010
5894.13480108    0.00001178    0.00001085    0.00001215    0.00001235
5894.25453843    0.00001378    0.00001460    0.00001425    0.00001250
5894.37427578    0.00001633    0.00001505    0.00001650    0.00001745
5894.49594438    0.00002033    0.00002045    0.00002145    0.00001910
5894.61568173    0.00002317    0.00002220    0.00002370    0.00002360
5894.73541908    0.00002780    0.00002720    0.00002835    0.00002785
5894.85515643    0.00003157    0.00003170    0.00003200    0.00003100
5894.97682503    0.00003657    0.00003570    0.00003645    0.00003755
5895.09656238    0.00004085    0.00003970    0.00004140    0.00004145
5895.21629973    0.00004513    0.00004475    0.00004500    0.00004565
5895.33603708    0.00005017    0.00005000    0.00005110    0.00004940
5895.45577443    0.00005577    0.00005600    0.00005390    0.00005740
5895.57744303    0.00006357    0.00006235    0.00006470    0.00006365
5895.69718038    0.00007338    0.00007260    0.00007315    0.00007440
5895.81691773    0.00008170    0.00008180    0.00008140    0.00008190
5895.93665508    0.00009173    0.00009030    0.00009195    0.00009295
5896.05832368    0.00010277    0.00010255    0.00010240    0.00010335
5896.17806103    0.00011382    0.00011355    0.00011320    0.00011470
5896.29779838    0.00011808    0.00012010    0.00011520    0.00011895
5896.41753573    0.00011117    0.00011255    0.00011110    0.00010985
5896.53920433    0.00009708    0.00009715    0.00009585    0.00009825
5896.65894168    0.00008370    0.00008395    0.00008420    0.00008295
5896.77867903    0.00007417    0.00007560    0.00007370    0.00007320
5896.89841638    0.00006587    0.00006550    0.00006650    0.00006560
5897.02008497    0.00005238    0.00005410    0.00005270    0.00005035
5897.13982233    0.00003303    0.00003475    0.00003230    0.00003205
5897.25955968    0.00001830    0.00001870    0.00001810    0.00001810
5897.37929703    0.00000967    0.00000980    0.00000960    0.00000960
5897.50096562    0.00000545    0.00000535    0.00000500    0.00000600
5897.62070297    0.00000333    0.00000385    0.00000350    0.00000265
5897.74044032    0.00000227    0.00000200    0.00000230    0.00000250
5897.86017767    0.00000263    0.00000325    0.00000240    0.00000225
5897.97991503    0.00000223    0.00000235    0.00000225    0.00000210
5898.10158362    0.00000285    0.00000305    0.00000275    0.00000275
5898.22132097    0.00000228    0.00000255    0.00000240    0.00000190
5898.34105832    0.00000303    0.00000250    0.00000300    0.00000360
5898.46079567    0.00000228    0.00000230    0.00000250    0.00000205
5898.58246427    0.00000185    0.00000115    0.00000180    0.00000260
5898.70220162    0.00000258    0.00000275    0.00000215    0.00000285
5898.82193897    0.00000258    0.00000235    0.00000290    0.00000250
5898.94167632    0.00000377    0.00000380    0.00000350    0.00000400
5899.06334492    0.00000400    0.00000410    0.00000475    0.00000315
5899.18308227    0.00000467    0.00000525    0.00000365    0.00000510
5899.30281962    0.00000447    0.00000405    0.00000485    0.00000450
5899.42255697    0.00000380    0.00000405    0.00000350    0.00000385
5899.54422557    0.00000517    0.00000590    0.00000475    0.00000485
5899.66396292    0.00000470    0.00000390    0.00000540    0.00000480
5899.78370027    0.00000538    0.00000515    0.00000435    0.00000665
5899.90343762    0.00000673    0.00000555    0.00000765    0.00000700
5900.02317497    0.00001038    0.00001065    0.00000960    0.00001090
5900.14484357    0.00001325    0.00001190    0.00001385    0.00001400
5900.26458092    0.00001585    0.00001550    0.00001625    0.00001580
5900.38431827    0.00001860    0.00001800    0.00001800    0.00001980
5900.50405562    0.00002215    0.00002080    0.00002255    0.00002310
5900.62572422    0.00002562    0.00002645    0.00002585    0.00002455
5900.74546157    0.00002727    0.00002655    0.00002720    0.00002805
5900.86519892    0.00003048    0.00002995    0.00003025    0.00003125
5900.98493627    0.00003475    0.00003450    0.00003600    0.00003375
5901.10660487    0.00003857    0.00003855    0.00003840    0.00003875
5901.22634222    0.00004335    0.00004225    0.00004305    0.00004475
5901.34607957    0.00004918    0.00004985    0.00004975    0.00004795
5901.46581692    0.00005623    0.00005650    0.00005635    0.00005585
5901.58748552    0.00006245    0.00006160    0.00006190    0.00006385
5901.70722287    0.00006995    0.00006965    0.00007025    0.00006995
5901.82696022    0.00007832    0.00007785    0.00007815    0.00007895
5901.94669757    0.00008463    0.00008505    0.00008415    0.00008470
5902.06643492    0.00008245    0.00008235    0.00008260    0.00008240
5902.18810351    0.00007223    0.00007350    0.00007210    0.00007110
5902.30784087    0.00006175    0.00006165    0.00006185    0.00006175
5902.42757822    0.00005340    0.00005460    0.00005340    0.00005220
5902.54731557    0.00004858    0.00004990    0.00004720    0.00004865
5902.66898416    0.00004225    0.00004175    0.00004250    0.00004250
5902.78872151    0.00003112    0.00003215    0.00003195    0.00002925
5902.90845886    0.00001790    0.00001995    0.00001675    0.00001700
5903.02819621    0.00000808    0.00000805    0.00000785    0.00000835
5903.14986481    0.00000313    0.00000400    0.00000290    0.00000250
5903.26960216    0.00000233    0.00000285    0.00000275    0.00000140
5903.38933951    0.00000222    0.00000240    0.00000225    0.00000200
5903.50907686    0.00000077    0.00000085    0.00000090    0.00000055
5903.63074546    0.00000158    0.00000140    0.00000155    0.00000180
5903.75048281    0.00000067    0.00000085    0.00000085    0.00000030
5903.87022016    0.00000035    0.00000005    0.00000015    0.00000085
5903.98995751    0.00000133    0.00000115    0.00000100    0.00000185
5904.10969486    0.00000020    -0.00000005    0.00000060    0.00000005
5904.23136346    0.00000005    0.00000050    0.00000000    -0.00000035
5904.35110081    0.00000128    0.00000105    0.00000165    0.00000115
5904.47083816    0.00000055    0.00000030    -0.00000005    0.00000140
5904.59057551    0.00000037    -0.00000010    0.00000085    0.00000035
5904.71224411    0.00000000    -0.00000035    -0.00000025    0.00000060
5904.83198146    0.00000017    0.00000025    -0.00000025    0.00000050
5904.95171881    0.00000098    0.00000160    0.00000035    0.00000100
5905.07145616    -0.00000008    -0.00000110    -0.00000015    0.00000100
5905.19312476    -0.00000022    -0.00000035    0.00000010    -0.00000040
5905.31286211    0.00000003    -0.00000080    0.00000040    0.00000050
5905.43259946    0.00000007    0.00000075    0.00000005    -0.00000060
5905.55233681    0.00000102    0.00000075    0.00000100    0.00000130
5905.67400541    0.00000068    0.00000050    0.00000050    0.00000105
5905.79374276    0.00000020    -0.00000055    0.00000025    0.00000090
5905.91348011    0.00000002    0.00000015    -0.00000015    0.00000005
5906.03321746    0.00000025    -0.00000050    0.00000010    0.00000115
5906.15295481    0.00000080    0.00000100    0.00000085    0.00000055
5906.27462341    0.00000012    -0.00000080    0.00000030    0.00000085
5906.39436076    0.00000002    0.00000035    -0.00000015    -0.00000015
5906.51409811    -0.00000012    -0.00000055    -0.00000015    0.00000035
5906.63383546    -0.00000022    -0.00000050    -0.00000075    0.00000060
5906.75550406    -0.00000040    -0.00000075    -0.00000055    0.00000010
5906.87524141    0.00000040    -0.00000090    0.00000125    0.00000085
5906.99497876    0.00000042    -0.00000030    0.00000050    0.00000105
5907.11471611    0.00000020    -0.00000055    0.00000090    0.00000025
5907.23638470    -0.00000007    0.00000025    -0.00000135    0.00000090
5907.35612205    -0.00000075    -0.00000155    -0.00000060    -0.00000010
5907.47585941    0.00000012    0.00000005    -0.00000030    0.00000060
5907.59559676    0.00000028    -0.00000105    0.00000090    0.00000100
5907.71726535    0.00000047    0.00000025    0.00000085    0.00000030
5907.83700270    -0.00000002    -0.00000105    0.00000050    0.00000050
5907.95674005    -0.00000038    -0.00000040    -0.00000080    0.00000005
5908.07647740    -0.00000015    -0.00000065    -0.00000030    0.00000050
5908.19621475    -0.00000033    -0.00000030    -0.00000100    0.00000030
5908.31788335    0.00000003    -0.00000090    0.00000025    0.00000075
5908.43762070    0.00000002    -0.00000060    0.00000005    0.00000060
5908.55735805    0.00000010    0.00000090    0.00000000    -0.00000060
5908.67709540    0.00000053    0.00000080    0.00000110    -0.00000030
5908.79876400    0.00000015    0.00000010    -0.00000065    0.00000100
5908.91850135    -0.00000012    -0.00000080    -0.00000015    0.00000060
5909.03823870    0.00000062    0.00000050    0.00000010    0.00000125
5909.15797605    -0.00000008    -0.00000135    0.00000060    0.00000050
5909.27964465    0.00000035    0.00000100    0.00000040    -0.00000035
5909.39938200    0.00000043    -0.00000030    0.00000105    0.00000055
5909.51911935    0.00000038    -0.00000025    0.00000055    0.00000085
5909.63885670    0.00000078    0.00000025    0.00000110    0.00000100
5909.76052530    0.00000053    0.00000110    -0.00000015    0.00000065
5909.88026265    0.00000008    -0.00000105    0.00000075    0.00000055
5910.00000000    -0.00000028    -0.00000055    0.00000000    -0.00000030
