5880.00000000    0.00000033    0.00000000    0.00000050    0.00000050
5880.20084975    0.00000087    0.00000080    0.00000000    0.00000180
5880.39976825    0.00000097    0.00000130    0.00000130    0.00000030
5880.60061800    0.00000047    0.00000080    0.00000030    0.00000030
5880.79953650    0.00000087    0.00000180    -0.00000050    0.00000130
5881.00038625    0.00000033    0.00000050    0.00000130    -0.00000080
5881.19930475    0.00000043    0.00000050    0.00000000    0.00000080
5881.40015450    0.00000063    0.00000080    0.00000030    0.00000080
5881.59907300    0.00000017    0.00000050    0.00000050    -0.00000050
5881.79992275    0.00000027    0.00000030    0.00000130    -0.00000080
5882.00077250    0.00000027    0.00000130    -0.00000130    0.00000080
5882.19969100    0.00000060    0.00000130    0.00000000    0.00000050
5882.40054075    0.00000093    0.00000150    0.00000000    0.00000130
5882.59945925    0.00000060    0.00000080    0.00000050    0.00000050
5882.80030900    0.00000010    -0.00000080    0.00000080    0.00000030
5882.99922750    0.00000063    0.00000030    0.00000130    0.00000030
5883.20007725    0.00000027    0.00000000    0.00000000    0.00000080
5883.40092700    0.00000103    0.00000130    0.00000050    0.00000130
5883.59984550    0.00000097    0.00000080    0.00000180    0.00000030
5883.80069525    0.00000070    0.00000050    0.00000080    0.00000080
5883.99961375    0.00000040    0.00000050    0.00000150    -0.00000080
5884.20046350    0.00000067    0.00000150    -0.00000030    0.00000080
5884.39938200    0.00000050    0.00000050    0.00000130    -0.00000030
5884.60023175    0.00000043    0.00000030    0.00000150    -0.00000050
5884.79915025    0.00000027    0.00000080    0.00000080    -0.00000080
5885.00000000    0.00000087    0.00000050    0.00000180    0.00000030
5885.20084975    0.00000060    0.00000050    0.00000130    -0.00000000
5885.39976825    0.00000057    0.00000050    0.00000150    -0.00000030
5885.60061800    0.00000103    0.00000130    0.00000050    0.00000130
5885.79953650    0.00000050    0.00000050    0.00000130    -0.00000030
5886.00038625    0.00000033    0.00000050    0.00000130    -0.00000080
5886.19930475    0.00000060    0.00000080    0.00000130    -0.00000030
5886.40015450    0.00000060    0.00000050    0.00000080    0.00000050
5886.59907300    0.00000037    0.00000030    0.00000080    0.00000000
5886.79992275    0.00000000    0.00000000    0.00000050    -0.00000050
5887.00077250    0.00000057    0.00000050    0.00000150    -0.00000030
5887.19969100    0.00000103    0.00000130    0.00000050    0.00000130
5887.40054075    0.00000110    0.00000150    0.00000050    0.00000130
5887.59945925    0.00000077    0.00000130    -0.00000030    0.00000130
5887.80030900    0.00000087    0.00000050    0.00000130    0.00000080
5887.99922750    0.00000043    -0.00000030    0.00000080    0.00000080
5888.20007725    0.00000033    -0.00000030    0.00000080    0.00000050
5888.40092700    0.00000160    0.00000150    0.00000130    0.00000200
5888.59984550    0.00000133    0.00000150    0.00000200    0.00000050
5888.80069525    0.00000160    0.00000150    0.00000250    0.00000080
5888.99961375    0.00000143    0.00000130    0.00000250    0.00000050
5889.20046350    0.00000153    0.00000130    0.00000200    0.00000130
5889.39938200    0.00000110    0.00000050    0.00000200    0.00000080
5889.60023175    0.00000160    0.00000150    0.00000180    0.00000150
5889.79915025    0.00000210    0.00000250    0.00000130    0.00000250
5890.00000000    0.00000227    0.00000280    0.00000200    0.00000200
5890.20084975    0.00000287    0.00000300    0.00000280    0.00000280
5890.39976825    0.00000310    0.00000300    0.00000250    0.00000380
5890.60061800    0.00000370    0.00000380    0.00000400    0.00000330
5890.79953650    0.00000477    0.00000400    0.00000630    0.00000400
5891.00038625    0.00000643    0.00000550    0.00000750    0.00000630
5891.19930475    0.00000903    0.00000880    0.00000900    0.00000930
5891.40015450    0.00001227    0.00001280    0.00001150    0.00001250
5891.59907300    0.00001617    0.00001650    0.00001650    0.00001550
5891.79992275    0.00002143    0.00002130    0.00002250    0.00002050
5892.00077250    0.00002800    0.00002700    0.00002900    0.00002800
5892.19969100    0.00003667    0.00003550    0.00003700    0.00003750
5892.40054075    0.00004777    0.00004630    0.00004900    0.00004800
5892.59945925    0.00006177    0.00006030    0.00006250    0.00006250
5892.80030900    0.00007933    0.00007700    0.00008000    0.00008100
5892.99922750    0.00010020    0.00009780    0.00010250    0.00010030
5893.20007725    0.00012620    0.00012380    0.00012730    0.00012750
5893.40092700    0.00015553    0.00015300    0.00015680    0.00015680
5893.59984550    0.00019593    0.00019280    0.00019850    0.00019650
5893.80069525    0.00024387    0.00024050    0.00024430    0.00024680
5893.99961375    0.00029847    0.00029680    0.00029930    0.00029930
5894.20046350    0.00035820    0.00035330    0.00035830    0.00036300
5894.39938200    0.00041927    0.00041800    0.00041780    0.00042200
5894.60023175    0.00047087    0.00046580    0.00047330    0.00047350
5894.79915025    0.00050477    0.00050250    0.00050400    0.00050780
5895.00000000    0.00052153    0.00052280    0.00052000    0.00052180
5895.20084975    0.00050997    0.00050880    0.00051280    0.00050830
5895.39976825    0.00047767    0.00048250    0.00047350    0.00047700
5895.60061800    0.00042020    0.00042530    0.00041950    0.00041580
5895.79953650    0.00035600    0.00036050    0.00035450    0.00035300
5896.00038625    0.00027803    0.00028380    0.00027550    0.00027480
5896.19930475    0.00019783    0.00020250    0.00019750    0.00019350
5896.40015450    0.00013387    0.00013880    0.00013250    0.00013030
5896.59907300    0.00008277    0.00008550    0.00008230    0.00008050
5896.79992275    0.00004820    0.00005030    0.00004800    0.00004630
5897.00077250    0.00002813    0.00002830    0.00002830    0.00002780
5897.19969100    0.00002243    0.00002200    0.00002380    0.00002150
5897.40054075    0.00002327    0.00002300    0.00002300    0.00002380
5897.59945925    0.00002700    0.00002650    0.00002650    0.00002800
5897.80030900    0.00003177    0.00003150    0.00003180    0.00003200
5897.99922750    0.00003903    0.00003780    0.00004050    0.00003880
5898.20007725    0.00004500    0.00004450    0.00004550    0.00004500
5898.40092700    0.00004817    0.00004750    0.00004900    0.00004800
5898.59984550    0.00005153    0.00005200    0.00005180    0.00005080
5898.80069525    0.00005537    0.00005450    0.00005630    0.00005530
5898.99961375    0.00009430    0.00009030    0.00009530    0.00009730
5899.20046350    0.00012443    0.00012150    0.00012550    0.00012630
5899.39938200    0.00015630    0.00015380    0.00015630    0.00015880
5899.60023175    0.00019603    0.00019200    0.00019730    0.00019880
5899.79915025    0.00023450    0.00022900    0.00023600    0.00023850
5900.00000000    0.00027877    0.00027730    0.00027850    0.00028050
5900.20084975    0.00031703    0.00031300    0.00032080    0.00031730
5900.39976825    0.00034380    0.00034080    0.00034380    0.00034680
5900.60061800    0.00035900    0.00036050    0.00035600    0.00036050
5900.79953650    0.00035643    0.00035680    0.00035750    0.00035500
5901.00038625    0.00034237    0.00034230    0.00034180    0.00034300
5901.19930475    0.00031253    0.00031580    0.00030980    0.00031200
5901.40015450    0.00026977    0.00027250    0.00027050    0.00026630
5901.59907300    0.00022160    0.00022450    0.00022030    0.00022000
5901.79992275    0.00017177    0.00017580    0.00016950    0.00017000
5902.00077250    0.00012077    0.00012400    0.00011980    0.00011850
5902.19969100    0.00008083    0.00008350    0.00008000    0.00007900
5902.40054075    0.00004737    0.00004950    0.00004630    0.00004630
5902.59945925    0.00002353    0.00002530    0.00002280    0.00002250
5902.80030900    0.00001080    0.00001180    0.00001030    0.00001030
5902.99922750    0.00000593    0.00000630    0.00000650    0.00000500
5903.20007725    0.00000427    0.00000430    0.00000400    0.00000450
5903.40092700    0.00000347    0.00000380    0.00000280    0.00000380
5903.59984550    0.00000313    0.00000330    0.00000330    0.00000280
5903.80069525    0.00000243    0.00000180    0.00000250    0.00000300
5903.99961375    0.00000303    0.00000200    0.00000380    0.00000330
5904.20046350    0.00000203    0.00000180    0.00000250    0.00000180
5904.39938200    0.00000220    0.00000180    0.00000180    0.00000300
5904.60023175    0.00000177    0.00000130    0.00000150    0.00000250
5904.79915025    0.00000203    0.00000180    0.00000180    0.00000250
5905.00000000    0.00000187    0.00000200    0.00000180    0.00000180
5905.20084975    0.00000220    0.00000280    0.00000200    0.00000180
5905.39976825    0.00000150    0.00000200    0.00000200    0.00000050
5905.60061800    0.00000147    0.00000130    0.00000130    0.00000180
5905.79953650    0.00000143    0.00000180    0.00000050    0.00000200
5906.00038625    0.00000127    0.00000200    0.00000050    0.00000130
5906.19930475    0.00000137    0.00000180    0.00000030    0.00000200
5906.40015450    0.00000097    0.00000080    0.00000130    0.00000080
5906.59907300    0.00000103    0.00000030    0.00000150    0.00000130
5906.79992275    0.00000083    -0.00000030    0.00000150    0.00000130
5907.00077250    0.00000137    0.00000080    0.00000180    0.00000150
5907.19969100    0.00000100    0.00000000    0.00000150    0.00000150
5907.40054075    0.00000060    0.00000050    0.00000050    0.00000080
5907.59945925    0.00000137    0.00000130    0.00000150    0.00000130
5907.80030900    0.00000103    0.00000080    0.00000200    0.00000030
5907.99922750    0.00000070    0.00000050    0.00000130    0.00000030
5908.20007725    0.00000093    0.00000130    0.00000180    -0.00000030
5908.40092700    0.00000060    0.00000150    0.00000030    0.00000000
5908.59984550    0.00000060    0.00000080    -0.00000030    0.00000130
5908.80069525    0.00000097    0.00000130    0.00000030    0.00000130
5908.99961375    0.00000077    0.00000150    -0.00000050    0.00000130
5909.20046350    0.00000053    0.00000030    0.00000130    0.00000000
5909.39938200    0.00000037    -0.00000050    0.00000030    0.00000130
5909.60023175    0.00000077    0.00000130    -0.00000030    0.00000130
5909.79915025    0.00000000    0.00000000    -0.00000030    0.00000030
5910.00000000    0.00000033    -0.00000030    0.00000080    0.00000050
5910.20084975    0.00000043    0.00000050    -0.00000050    0.00000130
5910.39976825    0.00000087    0.00000050    0.00000080    0.00000130
5910.60061800    0.00000070    0.00000030    0.00000180    0.00000000
5910.79953650    0.00000070    0.00000030    0.00000050    0.00000130
5911.00038625    0.00000023    -0.00000030    0.00000050    0.00000050
5911.19930475    0.00000057    0.00000050    0.00000150    -0.00000030
5911.40015450    0.00000077    0.00000030    0.00000150    0.00000050
5911.59907300    0.00000077    -0.00000030    0.00000080    0.00000180
5911.79992275    0.00000103    0.00000130    0.00000050    0.00000130
5912.00077250    0.00000043    0.00000150    -0.00000050    0.00000030
5912.19969100    0.00000103    0.00000180    0.00000000    0.00000130
5912.40054075    0.00000077    0.00000130    0.00000050    0.00000050
5912.59945925    0.00000040    0.00000200    -0.00000050    -0.00000030
5912.80030900    0.00000037    0.00000030    0.00000050    0.00000030
5912.99922750    0.00000060    0.00000150    -0.00000050    0.00000080
5913.20007725    0.00000043    0.00000130    0.00000030    -0.00000030
5913.40092700    -0.00000027    -0.00000030    0.00000030    -0.00000080
5913.59984550    0.00000060    0.00000130    0.00000050    0.00000000
5913.80069525    0.00000053    0.00000080    0.00000030    0.00000050
5913.99961375    0.00000053    0.00000080    0.00000130    -0.00000050
5914.20046350    0.00000043    0.00000130    -0.00000050    0.00000050
5914.39938200    0.00000060    0.00000130    0.00000080    -0.00000030
5914.60023175    0.00000027    0.00000030    0.00000130    -0.00000080
5914.79915025    -0.00000027    -0.00000080    0.00000080    -0.00000080
5915.00000000    0.00000027    0.00000080    0.00000000    0.00000000
