5885.00000000    0.00000075    0.00000085    0.00000030    0.00000110
5885.11973735    0.00000053    0.00000080    0.00000040    0.00000040
5885.23947470    0.00000043    -0.00000080    0.00000105    0.00000105
5885.36114330    0.00000005    -0.00000025    0.00000010    0.00000030
5885.48088065    0.00000063    0.00000030    0.00000060    0.00000100
5885.60061800    -0.00000078    -0.00000035    -0.00000100    -0.00000100
5885.72035535    -0.00000048    -0.00000080    -0.00000100    0.00000035
5885.84202395    -0.00000053    -0.00000130    0.00000035    -0.00000065
5885.96176130    0.00000007    -0.00000035    -0.00000005    0.00000060
5886.08149865    0.00000010    -0.00000060    0.00000065    0.00000025
5886.20123600    -0.00000032    -0.00000010    -0.00000100    0.00000015
5886.32290460    0.00000003    -0.00000115    0.00000075    0.00000050
5886.44264195    0.00000045    -0.00000030    0.00000110    0.00000055
5886.56237930    0.00000027    0.00000010    -0.00000040    0.00000110
5886.68211665    0.00000068    0.00000040    0.00000060    0.00000105
5886.80378525    -0.00000018    -0.00000135    0.00000050    0.00000030
5886.92352260    0.00000025    0.00000035    0.00000055    -0.00000015
5887.04325995    0.00000035    -0.00000060    0.00000080    0.00000085
5887.16299730    -0.00000010    -0.00000035    -0.00000025    0.00000030
5887.28273465    0.00000053    0.00000015    0.00000055    0.00000090
5887.40440324    0.00000018    -0.00000055    0.00000060    0.00000050
5887.52414059    0.00000055    -0.00000025    0.00000085    0.00000105
5887.64387795    -0.00000053    0.00000010    -0.00000140    -0.00000030
5887.76361530    0.00000043    -0.00000040    0.00000010    0.00000160
5887.88528389    0.00000012    -0.00000065    0.00000100    0.00000000
5888.00502124    0.00000020    -0.00000035    0.00000015    0.00000080
5888.12475859    0.00000035    -0.00000030    0.00000085    0.00000050
5888.24449594    0.00000033    -0.00000080    0.00000055    0.00000125
5888.36616454    0.00000030    -0.00000050    0.00000125    0.00000015
5888.48590189    -0.00000025    -0.00000035    -0.00000090    0.00000050
5888.60563924    -0.00000023    -0.00000115    -0.00000015    0.00000060
5888.72537659    -0.00000028    0.00000025    -0.00000075    -0.00000035
5888.84704519    -0.00000057    -0.00000080    -0.00000050    -0.00000040
5888.96678254    0.00000022    -0.00000060    0.00000075    0.00000050
5889.08651989    0.00000017    -0.00000055    -0.00000005    0.00000110
5889.20625724    0.00000020    -0.00000065    0.00000125    0.00000000
5889.32599459    -0.00000033    -0.00000030    -0.00000110    0.00000040
5889.44766319    -0.00000012    -0.00000130    0.00000030    0.00000065
5889.56740054    -0.00000137    -0.00000110    -0.00000165    -0.00000135
5889.68713789    0.00000008    0.00000065    -0.00000030    -0.00000010
5889.80687524    -0.00000005    -0.00000080    0.00000010    0.00000055
5889.92854384    -0.00000005    -0.00000085    0.00000015    0.00000055
5890.04828119    0.00000060    -0.00000005    0.00000150    0.00000035
5890.16801854    -0.00000027    -0.00000090    -0.00000090    0.00000100
5890.28775589    -0.00000037    -0.00000115    -0.00000060    0.00000065
5890.40942449    0.00000015    -0.00000035    -0.00000025    0.00000105
5890.52916184    -0.00000040    -0.00000080    -0.00000080    0.00000040
5890.64889919    -0.00000020    0.00000000    -0.00000035    -0.00000025
5890.76863654    0.00000012    -0.00000055    -0.00000040    0.00000130
5890.89030514    0.00000013    -0.00000055    0.00000040    0.00000055
5891.01004249    0.00000005    0.00000025    -0.00000040    0.00000030
5891.12977984    0.00000098    0.00000090    0.00000200    0.00000005
5891.24951719    0.00000030    -0.00000055    0.00000060    0.00000085
5891.36925454    0.00000063    -0.00000040    0.00000175    0.00000055
5891.49092314    0.00000042    -0.00000040    0.00000000    0.00000165
5891.61066049    0.00000055    -0.00000050    0.00000125    0.00000090
5891.73039784    0.00000007    -0.00000055    -0.00000055    0.00000130
5891.85013519    0.00000085    -0.00000035    0.00000205    0.00000085
5891.97180379    0.00000048    0.00000015    0.00000030    0.00000100
5892.09154114    0.00000047    0.00000010    0.00000040    0.00000090
5892.21127849    0.00000048    -0.00000035    0.00000025    0.00000155
5892.33101584    0.00000027    -0.00000010    0.00000030    0.00000060
5892.45268443    0.00000162    0.00000085    0.00000165    0.00000235
5892.57242178    0.00000037    0.00000025    0.00000060    0.00000025
5892.69215913    0.00000205    0.00000215    0.00000240    0.00000160
5892.81189649    0.00000192    0.00000150    0.00000210    0.00000215
5892.93356508    0.00000193    0.00000185    0.00000185    0.00000210
5893.05330243    0.00000325    0.00000350    0.00000310    0.00000315
5893.17303978    0.00000343    0.00000375    0.00000355    0.00000300
5893.29277713    0.00000275    0.00000250    0.00000225    0.00000350
5893.41251448    0.00000408    0.00000410    0.00000400    0.00000415
5893.53418308    0.00000492    0.00000455    0.00000480    0.00000540
5893.65392043    0.00000470    0.00000450    0.00000460    0.00000500
5893.77365778    0.00000593    0.00000625    0.00000605    0.00000550
5893.89339513    0.00000795    0.00000850    0.00000780    0.00000755
5894.01506373    0.00000950    0.00000950    0.00001060    0.00000840
5894.13480108    0.00001115    0.00001075    0.00001090    0.00001180
5894.25453843    0.00001302    0.00001325    0.00001330    0.00001250
5894.37427578    0.00001567    0.00001565    0.00001500    0.00001635
5894.49594438    0.00001863    0.00001805    0.00001905    0.00001880
5894.61568173    0.00002203    0.00002230    0.00002170    0.00002210
5894.73541908    0.00002610    0.00002550    0.00002580    0.00002700
5894.85515643    0.00003073    0.00003045    0.00003120    0.00003055
5894.97682503    0.00003533    0.00003475    0.00003550    0.00003575
5895.09656238    0.00003925    0.00003815    0.00003965    0.00003995
5895.21629973    0.00004390    0.00004370    0.00004405    0.00004395
5895.33603708    0.00004888    0.00004800    0.00004945    0.00004920
5895.45577443    0.00005400    0.00005470    0.00005395    0.00005335
5895.57744303    0.00006047    0.00005935    0.00006010    0.00006195
5895.69718038    0.00006898    0.00006760    0.00006925    0.00007010
5895.81691773    0.00007925    0.00007840    0.00008010    0.00007925
5895.93665508    0.00008900    0.00008885    0.00008880    0.00008935
5896.05832368    0.00009875    0.00009710    0.00009880    0.00010035
5896.17806103    0.00011022    0.00010975    0.00010985    0.00011105
5896.29779838    0.00011903    0.00011930    0.00011860    0.00011920
5896.41753573    0.00011625    0.00011775    0.00011520    0.00011580
5896.53920433    0.00010488    0.00010735    0.00010275    0.00010455
5896.65894168    0.00008975    0.00009205    0.00008915    0.00008805
5896.77867903    0.00007827    0.00007825    0.00007795    0.00007860
5896.89841638    0.00007032    0.00007065    0.00006990    0.00007040
5897.02008497    0.00006022    0.00006160    0.00006070    0.00005835
5897.13982233    0.00004298    0.00004380    0.00004265    0.00004250
5897.25955968    0.00002373    0.00002530    0.00002310    0.00002280
5897.37929703    0.00001263    0.00001275    0.00001290    0.00001225
5897.50096562    0.00000647    0.00000660    0.00000705    0.00000575
5897.62070297    0.00000368    0.00000450    0.00000330    0.00000325
5897.74044032    0.00000333    0.00000330    0.00000405    0.00000265
5897.86017767    0.00000338    0.00000350    0.00000275    0.00000390
5897.97991503    0.00000242    0.00000200    0.00000315    0.00000210
5898.10158362    0.00000188    0.00000200    0.00000200    0.00000165
5898.22132097    0.00000287    0.00000350    0.00000300    0.00000210
5898.34105832    0.00000267    0.00000205    0.00000280    0.00000315
5898.46079567    0.00000140    0.00000160    0.00000135    0.00000125
5898.58246427    0.00000203    0.00000215    0.00000210    0.00000185
5898.70220162    0.00000265    0.00000310    0.00000180    0.00000305
5898.82193897    0.00000302    0.00000205    0.00000410    0.00000290
5898.94167632    0.00000308    0.00000325    0.00000300    0.00000300
5899.06334492    0.00000378    0.00000390    0.00000460    0.00000285
5899.18308227    0.00000438    0.00000430    0.00000455    0.00000430
5899.30281962    0.00000455    0.00000450    0.00000415    0.00000500
5899.42255697    0.00000480    0.00000450    0.00000430    0.00000560
5899.54422557    0.00000458    0.00000515    0.00000405    0.00000455
5899.66396292    0.00000470    0.00000500    0.00000535    0.00000375
5899.78370027    0.00000572    0.00000615    0.00000550    0.00000550
5899.90343762    0.00000883    0.00000875    0.00000900    0.00000875
5900.02317497    0.00001067    0.00001090    0.00001060    0.00001050
5900.14484357    0.00001295    0.00001225    0.00001310    0.00001350
5900.26458092    0.00001528    0.00001550    0.00001605    0.00001430
5900.38431827    0.00001852    0.00001780    0.00001775    0.00002000
5900.50405562    0.00002185    0.00002095    0.00002300    0.00002160
5900.62572422    0.00002503    0.00002570    0.00002505    0.00002435
5900.74546157    0.00002760    0.00002650    0.00002760    0.00002870
5900.86519892    0.00003058    0.00002920    0.00003120    0.00003135
5900.98493627    0.00003313    0.00003330    0.00003340    0.00003270
5901.10660487    0.00003778    0.00003800    0.00003790    0.00003745
5901.22634222    0.00004232    0.00004080    0.00004315    0.00004300
5901.34607957    0.00004852    0.00004765    0.00004870    0.00004920
5901.46581692    0.00005507    0.00005560    0.00005440    0.00005520
5901.58748552    0.00006053    0.00006020    0.00006070    0.00006070
5901.70722287    0.00006790    0.00006850    0.00006785    0.00006735
5901.82696022    0.00007648    0.00007590    0.00007610    0.00007745
5901.94669757    0.00008422    0.00008255    0.00008395    0.00008615
5902.06643492    0.00008407    0.00008470    0.00008505    0.00008245
5902.18810351    0.00007492    0.00007635    0.00007345    0.00007495
5902.30784087    0.00006522    0.00006550    0.00006470    0.00006545
5902.42757822    0.00005652    0.00005750    0.00005715    0.00005490
5902.54731557    0.00005052    0.00005160    0.00004960    0.00005035
5902.66898416    0.00004538    0.00004540    0.00004455    0.00004620
5902.78872151    0.00003493    0.00003515    0.00003525    0.00003440
5902.90845886    0.00002263    0.00002430    0.00002255    0.00002105
5903.02819621    0.00001163    0.00001275    0.00001100    0.00001115
5903.14986481    0.00000545    0.00000615    0.00000580    0.00000440
5903.26960216    0.00000337    0.00000375    0.00000305    0.00000330
5903.38933951    0.00000227    0.00000205    0.00000200    0.00000275
5903.50907686    0.00000107    0.00000110    0.00000150    0.00000060
5903.63074546    0.00000165    0.00000135    0.00000125    0.00000235
5903.75048281    0.00000055    -0.00000015    0.00000125    0.00000055
5903.87022016    0.00000043    0.00000090    -0.00000035    0.00000075
5903.98995751    0.00000082    0.00000090    0.00000125    0.00000030
5904.10969486    -0.00000015    -0.00000015    -0.00000065    0.00000035
5904.23136346    0.00000017    0.00000050    -0.00000010    0.00000010
5904.35110081    0.00000102    0.00000200    0.00000015    0.00000090
5904.47083816    0.00000103    0.00000030    0.00000180    0.00000100
5904.59057551    0.00000082    0.00000135    0.00000025    0.00000085
5904.71224411    0.00000043    -0.00000060    0.00000125    0.00000065
5904.83198146    0.00000065    -0.00000040    0.00000075    0.00000160
5904.95171881    0.00000047    0.00000050    0.00000040    0.00000050
5905.07145616    0.00000018    -0.00000080    0.00000055    0.00000080
5905.19312476    0.00000027    0.00000050    0.00000005    0.00000025
5905.31286211    0.00000065    0.00000010    0.00000100    0.00000085
5905.43259946    -0.00000017    0.00000010    -0.00000030    -0.00000030
5905.55233681    -0.00000008    -0.00000040    -0.00000060    0.00000075
5905.67400541    0.00000012    0.00000025    0.00000025    -0.00000015
5905.79374276    0.00000007    0.00000000    -0.00000010    0.00000030
5905.91348011    -0.00000005    0.00000015    0.00000055    -0.00000085
5906.03321746    -0.00000013    -0.00000035    -0.00000105    0.00000100
5906.15295481    -0.00000017    -0.00000125    0.00000085    -0.00000010
5906.27462341    -0.00000020    0.00000005    -0.00000040    -0.00000025
5906.39436076    0.00000035    -0.00000080    0.00000035    0.00000150
5906.51409811    0.00000078    0.00000075    0.00000085    0.00000075
5906.63383546    -0.00000018    -0.00000075    -0.00000030    0.00000050
5906.75550406    0.00000013    -0.00000050    0.00000025    0.00000065
5906.87524141    -0.00000025    0.00000060    -0.00000085    -0.00000050
5906.99497876    0.00000007    -0.00000090    0.00000060    0.00000050
5907.11471611    0.00000045    -0.00000015    0.00000065    0.00000085
5907.23638470    0.00000040    -0.00000065    0.00000105    0.00000080
5907.35612205    0.00000050    0.00000075    0.00000060    0.00000015
5907.47585941    0.00000013    -0.00000080    -0.00000010    0.00000130
5907.59559676    0.00000042    -0.00000015    0.00000075    0.00000065
5907.71726535    -0.00000002    -0.00000130    -0.00000015    0.00000140
5907.83700270    0.00000063    0.00000040    0.00000085    0.00000065
5907.95674005    0.00000013    -0.00000090    -0.00000010    0.00000140
5908.07647740    -0.00000047    -0.00000040    -0.00000035    -0.00000065
5908.19621475    0.00000005    -0.00000040    -0.00000025    0.00000080
5908.31788335    -0.00000012    -0.00000085    -0.00000060    0.00000110
5908.43762070    -0.00000030    0.00000000    -0.00000080    -0.00000010
5908.55735805    -0.00000045    -0.00000080    -0.00000015    -0.00000040
5908.67709540    0.00000005    -0.00000080    0.00000055    0.00000040
5908.79876400    -0.00000042    0.00000000    -0.00000125    -0.00000000
5908.91850135    -0.00000002    -0.00000105    0.00000105    -0.00000005
5909.03823870    0.00000050    0.00000050    0.00000085    0.00000015
5909.15797605    0.00000008    0.00000040    0.00000085    -0.00000100
5909.27964465    -0.00000032    0.00000000    -0.00000085    -0.00000010
5909.39938200    0.00000012    -0.00000105    0.00000035    0.00000105
5909.51911935    0.00000017    -0.00000015    0.00000060    0.00000005
5909.63885670    0.00000043    -0.00000055    0.00000055    0.00000130
5909.76052530    -0.00000012    0.00000025    0.00000000    -0.00000060
5909.88026265    0.00000012    -0.00000105    0.00000055    0.00000085
5910.00000000    0.00000030    -0.00000040    0.00000080    0.00000050
